10903878
11134178
11237660
11978731
12077282
14558093
15231019
15476249
15639639
15882565
16006154
16624844
16646035
16868966
16877353
17510707
17549029
17590359
18163499
18383364
18576323
18668550
18767925
18821706
19410028
19565481
19644889
19684582
20309955
20466812
20506210
20518074
20525838
20583100
21285164
21310253
21325780
21378032
21452283
21855682
21905007
22155431
22173325
22258484
22488261
22510396
22664108
22909215
22995428
23178209
23185004
23313477
23319657
23486780
23587642
23723318
23755017
23756208
23928557
23939426
23982761
24248346
24448347
24449579
24578232
24822272
25191747
25230745
25331977
25340802
25368604
25453723
25498590
25541297
25550340
25593283
25656376
25797646
25892493
26108578
26138248
26241779
26275694
26355014
26403062
26408027
26438374
26521748
26531672
26546411
26639398
26683663
26686833
26713606
26728350
26746148
26797130
26815610
26901593
26903440
26980243
27009967
27018594
27041063
27118120
27159257
27236646
27280771
27315306
27377816
27390029
27447821
27457421
27539752
27746376
27792866
27808352
27851984
28043938
28063212
28108560
28120109
28252046
28349987
28614801
28647469
28648299
28759313
28941045
29329496
29436471
29488175
29488610
29618652
29667227
29686224
29691281
29691435
29781506
29784003
29920476
29925506
29971011
29991473
30078186
30143643
30248505
30379418
30408629
30465058
30471358
30485272
30496623
30542285
30622281
30659184
30729704
30791745
30792936
30813547
30826358
30917318
31044181
31075235
31132406
31134620
31169312
31209645
31351471
31357086
31569601
31638855
31647983
31662319
31666999
31790972
31828128
31837247
31889132
31926929
31958497
31961823
31981416
32012117
32067417
32069893
32098291
32101625
32134473
32175635
32183900
32258036
32315726
32324278
32416098
32416221
32418287
32441256
32518750
32638534
32640182
32647171
32665267
32764573
32768686
32795379
32977456
33022131
33034147
33101657
33118211
33147653
33192200
33199631
33241027
33247195
33381767
33414452
33586252
33597301
33651836
33744850
33744859
33853646
33898435
33940137
34052462
34144150
34159843
34171515
34226187
34330063
34546791
34605731
34639026
34650433
34783292
34848799
34891002
34997944
35008608
35034101
35058228
35151027
35165253
35167509
35191092
35225151
35260562
35277480
35353555
35359946
35461155
35479080
35513246
35534137
35560108
35739102
35798413
36075514
36100125
36103412
36380018
36628892
36718653
36743414
36810185
36923091
36947594
37002200
37018403
37036562
37048137
37086004
37217512
37271009
37371471
37406898
37428931
37521864
37540756
37550003
37563688
37626753
37660594
37724835
37797712
37890601
38019905
38057865
38293189
38310093
38395992
38433252
38464287
38499500
38580748
38622181
38640238
38645498
38719085
