60309
169722
428731
469642
541239
643896
844647
947093
973542
1173774
1225296
1228593
1281763
1285067
1320394
1351318
1571272
1586483
1606732
1618924
1689582
1689600
1800463
1827636
1865107
1896633
1947669
1994914
1997647
2025312
2065549
2155638
2191409
2288196
2293624
2339666
2339667
2355296
2427091
2472849
2479287
2545171
2556924
2559818
2723460
2782224
2808699
2816503
2897740
2965280
2988574
3219287
3258503
3395383
3397624
3423022
3494848
3602982
3625661
3687593
3792428
3947420
4038356
4083941
4114290
4119783
4254360
4413380
4460502
4611741
4864284
5258759
5360889
5372697
5433599
5482369
5804775
5865221
5884813
6023697
6186128
6248390
6491809
6528180
6607791
6701529
6931886
6980556
6983710
7028135
7044007
7085349
7116952
7247474
7344126
7472758
7488982
7543921
7582718
7584322
7650397
7655998
7668400
7699637
7724995
7748223
7752121
7752133
7785492
7791551
7853102
7859284
7863819
7942330
7955604
7976168
7983639
8023746
8055108
8064227
8067948
8078307
8148130
8149645
8164088
8185693
8197187
8244386
8291220
8292560
8340822
8349798
8383194
8411268
8434868
8435081
8436117
8441138
8464901
8548361
8581744
8702176
8714431
8717101
8765007
8770701
8814070
8823697
8832322
8838505
8853228
8889652
8892223
8893376
8895222
8907255
8909250
8943052
8971960
9061443
9143347
9152964
9173871
9184845
9185153
9192516
9252382
9299161
9334355
9404467
9415647
9433876
9458196
9497937
9497939
9510855
9512498
9514210
9536289
9566669
9588741
9606425
9616435
9627010
9663487
9678053
9704633
9716260
9730060
9737793
9751097
9786430
9817766
9857053
9870875
9880185
9920026
10025914
10048708
10092766
10100939
10189377
10197165
10211877
10225978
10234545
10329312
10329320
10329460
10343775
10367688
10419604
10419767
10419784
10429944
10477618
10499542
10501417
10555034
10558851
10559678
10562301
10607496
10693866
10728754
10772237
10772538
10777108
10806052
10810296
10821855
10902766
10903878
10917836
10943864
10971036
11003576
11050746
11056662
11090910
11134178
11150534
11158633
11237656
11237660
11237662
11243352
11285272
11315918
11315923
11315934
11326333
11352232
11407708
11410897
11440826
11482532
11488976
11548226
11548227
11550678
11550680
11557363
11583972
11668593
11677139
11680673
11680679
11680681
11680686
11680691
11680692
11680693
11680695
11748261
11790802
11795980
11795983
11823537
11869071
11869077
11869085
11920421
11928917
11950254
11953970
11966774
11978731
12024046
12056852
12060849
12077282
12079898
12082181
12089156
12115245
12123694
12126975
12160522
12176806
12202122
12202125
12209516
12297987
12322970
12355481
12359160
12359167
12369789
12374621
12379497
12415421
12419287
12429542
12432964
12448767
12464557
12464558
12472238
12479386
12480959
12503634
12505485
12508768
12517948
12522038
12527136
12604692
12606540
12632417
12632418
12681949
12707039
12716440
12729128
12738249
12773041
12773042
12801484
12827373
12847280
12858344
12858435
12902858
12939660
12943531
13129693
13130470
13262068
13301102
13354099
13354100
13354101
13398598
13450307
13520056
13520057
13912809
13914853
13977955
13992824
13992825
14120688
14168184
14178183
14259448
14289383
14446644
14446646
14558093
14609530
14644850
14644868
14660436
14673992
14673995
14673996
14677185
14677373
14697680
14697685
14723872
14729583
14730606
14749384
14898055
14954894
14972341
14979939
14991070
15023383
15023384
15057262
15124255
15135139
15140771
15142270
15146416
15180237
15219569
15231019
15262242
15283850
15290728
15299207
15299218
15325637
15334469
15449423
15449424
15468368
15468369
15476249
15476587
15492776
15496908
15501402
15509586
15563592
15563881
15566969
15639639
15641683
15651731
15681827
15693998
15727891
15738684
15742432
15757961
15758375
15758487
15761990
15777299
15780642
15780645
15784009
15800624
15818704
15872395
15879144
15882565
15882566
15896985
15930455
15934078
15963682
15968593
15982479
15986342
15993649
15993670
16006154
16046111
16079379
16087873
16093206
16203115
16255039
16264272
16277687
16286662
16301256
16301624
16355269
16356196
16368547
16379642
16391840
16393771
16393772
16405885
16406703
16418777
16431140
16439443
16443378
16449316
16459052
16489565
16492735
16493080
16497730
16508941
16526282
16529878
16563811
16572444
16572453
16580849
16584530
16612079
16613631
16616754
16646035
16646978
16647279
16652342
16671586
16680148
16738926
16751383
16767550
16802343
16813664
16819271
16849500
16868966
16872525
16877353
16883582
16888030
16891129
16893455
16912410
16912411
16927387
16947423
16947773
16949314
16973887
16995764
16997584
17009259
17052922
17056813
17059665
17094130
17125729
17145758
17195212
17195217
17200322
17207643
17211519
17213231
17237793
17265492
17266145
17307136
17316439
17317039
17328045
17328048
17328064
17331019
17334701
17383158
17416344
17445771
17470400
17510707
17517694
17522060
17530644
17545192
17549029
17564307
17588960
17596264
17599750
17612407
17621549
17621910
17638573
17638576
17656374
17665456
17707214
17707661
17763422
17804408
17822719
17827158
17888690
17900935
17907187
17907189
17907190
17922907
17927818
17931911
17937464
17942111
17942634
17968946
17968948
17983156
18036590
18050192
18050203
18050218
18052755
18056042
18066133
18163498
18163499
18172013
18203067
18226559
18227807
18240210
18240253
18261936
18268076
18287210
18297226
18344557
18358504
18374640
18383364
18438860
18455447
18465812
18467703
18501644
18507859
18523305
18538588
18541144
18544639
18550523
18576322
18576323
18576389
18578867
18584285
18632849
18662930
18668550
18684647
18759291
18760941
18767925
18785169
18786831
18789153
18789726
18799089
18819822
18821665
18821694
18821706
18835879
18836232
18836236
18836239
18836240
18849588
18947434
18958885
18974013
18975318
18975335
18979157
18991285
19001550
19010067
19010693
19016582
19017993
19027328
19035511
19070514
19095472
19116905
19116917
19116932
19135244
19135797
19136283
19139395
19146892
19147955
19165732
19173746
19180479
19180491
19195025
19213744
19229324
19230720
19248115
19254740
19265839
19265849
19296087
19301580
19307458
19328881
19332175
19342682
19343112
19364543
19379487
19404941
19405002
19410028
19427928
19448342
19478656
19481076
19481620
19485522
19486942
19491304
19494318
19504467
19526482
19562571
19565481
19565484
19587162
19604444
19615963
19632680
19637060
19644889
19684582
19704783
19714629
19714635
19747998
19765281
19770515
19771181
19786147
19790050
19790065
19790074
19790076
19805379
19808781
19833177
19877043
19877062
19896116
19915594
19918048
19921088
19932218
19944200
19950019
19950295
20021689
20033473
20035055
20036347
20043873
20052601
20054692
20077500
20093129
20101617
20104937
20105291
20110505
20110518
20111593
20112357
20112360
20112372
20131235
20131274
20133709
20155835
20181277
20187128
20187155
20187655
20196782
20201078
20238298
20309955
20346402
20350782
20360435
20376510
20432462
20460191
20466812
20472086
20474087
20479257
20495569
20495570
20498218
20506137
20506210
20506224
20506309
20506524
20516192
20518074
20525838
20556559
20583100
20583111
20584806
20592283
20604941
20625379
20643199
20669139
20701740
20708680
20738224
20805298
20820927
20840794
20843796
20847738
20861497
20864020
20882669
20921145
20923566
20943778
20945354
20954191
21036236
21057832
21094262
21094690
21098883
21110395
21118138
21119180
21145552
21159208
21197320
21216815
21239716
21251990
21262368
21266028
21285164
21290130
21291351
21305500
21308980
21310253
21312269
21325780
21337391
21351054
21353395
21360519
21368873
21372000
21374709
21376128
21383200
21405978
21410959
21417219
21418601
21420501
21437875
21452283
21472777
21474483
21506092
21537831
21539915
21566131
21586441
21590680
21613312
21619935
21619936
21624478
21633911
21643724
21652695
21678482
21690378
21702024
21739421
21739426
21745460
21749827
21775152
21795282
21796704
21798287
21802499
21804193
21834068
21847614
21855558
21855682
21856950
21869830
21871094
21872590
21880736
21887706
21890638
21898359
21899735
21905006
21905007
21905020
21911068
21917603
21937758
21953304
21953366
21965529
21968827
21972019
21982587
22001658
22007227
22019508
22028304
22034049
22051322
22057346
22065367
22072539
22076918
22081995
22083516
22084394
22095691
22102413
22117761
22122987
22127696
22127701
22131019
22131742
22143896
22143922
22146554
22148954
22152451
22155431
22158614
22163547
22170561
22173325
22179028
22179029
22197997
22225630
22258484
22267189
22271086
22275233
22293673
22294469
22298781
22307759
22308173
22328140
22330250
22337563
22342065
22342421
22343171
22361237
22391889
22394585
22399297
22414620
22415882
22430489
22432033
22440827
22442340
22444025
22447075
22448243
22455987
22459696
22484689
22488261
22491093
22510396
22525135
22531458
22531459
22539837
22542924
22554793
22566624
22572461
22575362
22576842
22576962
22595226
22595227
22609479
22623332
22629448
22636321
22664108
22668504
22674011
22674176
22674505
22692007
22692895
22721434
22738103
22767605
22768242
22777888
22778804
22781206
22818426
22818981
22819243
22825254
22828992
22832873
22833219
22833266
22833278
22833446
22846713
22850184
22854286
22859926
22869368
22885814
22889498
22890185
22902540
22933232
22936752
22939867
22952769
22961401
22967398
22977492
22985876
22995428
23011466
23041841
23050690
23069856
23070644
23115336
23116713
23124630
23124828
23124962
23133648
23148681
23151456
23151457
23169679
23173750
23174992
23178209
23185004
23192248
23194156
23219730
23231346
23233270
23233327
23233348
23248728
23257244
23261541
23268369
23280308
23285079
23291184
23295731
23297404
23298463
23310948
23313477
23319657
23339021
23339896
23356643
23371349
23374428
23375622
23382930
23389752
23391443
23414097
23417988
23436205
23436303
23467034
23468973
23486780
23497529
23505234
23511227
23518238
23530037
23530215
23534442
23552998
23567033
23575963
23585475
23587642
23590340
23593289
23595953
23606170
23623324
23624390
23625977
23658491
23666827
23685840
23688035
23705804
23715552
23723318
23740825
23744273
23744481
23750475
23755017
23756208
23762114
23773816
23777533
23778340
23782924
23791756
23817999
23839930
23843355
23852692
23861563
23883619
23895679
23896777
23903061
23912900
23918694
23928557
23939426
23951098
23951406
23954517
23954701
23958822
23963448
23973150
23973525
23982761
23983046
23984453
24002865
24007463
24016310
24018042
24019199
24022823
24041966
24044578
24056368
24086840
24091160
24095939
24096178
24098149
24108368
24108661
24111862
24120491
24135912
24161698
24161707
24166243
24167068
24180431
24184155
24185105
24185109
24194321
24199619
24241034
24248346
24257023
24269635
24280247
24286458
24289792
24296676
24297380
24309371
24312420
24316289
24321436
24323070
24333297
24339176
24344131
24347567
24353248
24365198
24373735
24386478
24392129
24401101
24418674
24418675
24428864
24438745
24448347
24449269
24449579
24453178
24457103
24463008
24466161
24470226
24470303
24470419
24473905
24479426
24479481
24482165
24486342
24490617
24497499
24502636
24529376
24550287
24556692
24558358
24566851
24572376
24574224
24574225
24574226
24577103
24578214
24579704
24582795
24588081
24620998
24623505
24623711
24626785
24630964
24636482
24638128
24641725
24641944
24651621
24658359
24670222
24678741
24687997
24692243
24703622
24704496
24712867
24713355
24714625
24727161
24737908
24741569
24747173
24747174
24757033
24757139
24760110
24767864
24769231
24786088
24792211
24795271
24811827
24813051
24819400
24822272
24830649
24834922
24838610
24848439
24852699
24859058
24867294
24875054
24881106
24892719
24895296
24905701
24907345
24912814
24926875
24928317
24928913
24928920
24933511
24935926
24936585
24937860
24943990
24957638
24964749
24966136
24966254
24981112
24984954
24987156
24998927
24999110
25003010
25008209
25015373
25046534
25047145
25047750
25064117
25078095
25078097
25080367
25086402
25091889
25096601
25100783
25115332
25118941
25125695
25128628
25135252
25135253
25158232
25169730
25176059
25176127
25179389
25180294
25188282
25191747
25196420
25196583
25198230
25200274
25219368
25236536
25238962
25242079
25247198
25257317
25278053
25278057
25287160
25299541
25311550
25321476
25328086
25330343
25330932
25331049
25331050
25331953
25331977
25332857
25340802
25341039
25366485
25368604
25371442
25374446
25378349
25385580
25385707
25403236
25410057
25410618
25412149
25415394
25415768
25435386
25450854
25453723
25469820
25475114
25491303
25498590
25516005
25517798
25518303
25519508
25521919
25529198
25541297
25545425
25549200
25550340
25559623
25565665
25573665
25585625
25589512
25592835
25593283
25596416
25600705
25600960
25604429
25617057
25628784
25629889
25631385
25655021
25655679
25656376
25659654
25659934
25680539
25680653
25693634
25697137
25707934
25708245
25708836
25712012
25728278
25732515
25733872
25736064
25737402
25748082
25749104
25749876
25764208
25780732
25797646
25799352
25800415
25817332
25817731
25824140
25828538
25837919
25845347
25865393
25876463
25887369
25888819
25889639
25891852
25903444
25909759
25917196
25937027
25937028
25939531
25940877
25940958
25945040
25953896
25964075
25969431
25971876
25976248
25977571
25985971
25989359
26000299
26010756
26015264
26016689
26018435
26025096
26045176
26067584
26069585
26069594
26069685
26092928
26097038
26103880
26108578
26109786
26120493
26120841
26133911
26138248
26141762
26151638
26152200
26155113
26170306
26171147
26182366
26198356
26198357
26208633
26209889
26213210
26216049
26224539
26241779
26245312
26245691
26253096
26256766
26256767
26257191
26271607
26272361
26279273
26285672
26290588
26315393
26340084
26350038
26355014
26360647
26361381
26362183
26362410
26377571
26400621
26403062
26405834
26406452
26408027
26410555
26424216
26424839
26438374
26438631
26458773
26470720
26473405
26492575
26493329
26496825
26499313
26507256
26521733
26521744
26521748
26522700
26525853
26530111
26531672
26546411
26550169
26560184
26562438
26563344
26573409
26578310
26584570
26585241
26596790
26604215
26605536
26605758
26608362
26617711
26625129
26634249
26636652
26639398
26642431
26655743
26657859
26663140
26673737
26674424
26683663
26686833
26687115
26687824
26687825
26687826
26697956
26698846
26703223
26707987
26712566
26713606
26713680
26714479
26721735
26722492
26728350
26741062
26746148
26746150
26746673
26774733
26783110
26784366
26794603
26794830
26794862
26797130
26806292
26815411
26815610
26826014
26830207
26837060
26838881
26851274
26852666
26853108
26853752
26860366
26866626
26890138
26896841
26896926
26901193
26901593
26903200
26903297
26903440
26910618
26932821
26944403
26945456
26963384
26975998
26980243
26980374
26983696
26991527
26994554
27006923
27009967
27018594
27030100
27031305
27031945
27036883
27040636
27041063
27041213
27066786
27070563
27075702
27077804
27086115
27087498
27088242
27099487
27104565
27118120
27118398
27122313
27123995
27129293
27147295
27147707
27147711
27153222
27159076
27159257
27163789
27165180
27183538
27183574
27194025
27211863
27211864
27214709
27234527
27236261
27236646
27238423
27245323
27256712
27260322
27270603
27271273
27275015
27280771
27315306
27322244
27346544
27356303
27365987
27367673
27368432
27377816
27388238
27388701
27390029
27391970
27412524
27415616
27416075
27427985
27447821
27457421
27459679
27463229
27473558
27477830
27480933
27483347
27499126
27500994
27505251
27509914
27514996
27515513
27515912
27516624
27539752
27541035
27543413
27548066
27549172
27550416
27563877
27564840
27567476
27567942
27568574
27574462
27579819
27584727
27587077
27591401
27601010
27601064
27611831
27621213
27624384
27627706
27635406
27640147
27640363
27646532
27654963
27663233
27664939
27664978
27666725
27682878
27688095
27688842
27688845
27689003
27693501
27696748
27716333
27716396
27720885
27727159
27729913
27732085
27737897
27746376
27752896
27758860
27766031
27766035
27768832
27769098
27778194
27780308
27784871
27789465
27792866
27805288
27808352
27816790
27829535
27830706
27836674
27840128
27845876
27851983
27853940
27855162
27856294
27863298
27878995
27882938
27902701
27903449
27911782
27916560
27918314
27926509
27932245
27935109
27941314
27941690
27965260
27965322
28005443
28030474
28043938
28063212
28063227
28064223
28070626
28070636
28071693
28086000
28097228
28104539
28106517
28108560
28109308
28120109
28122611
28128866
28139355
28141918
28164729
28165497
28168658
28181577
28185846
28189827
28194447
28202914
28213268
28214840
28220902
28225087
28239846
28242648
28250578
28252005
28252046
28254683
28259960
28279188
28301858
28303909
28314754
28317846
28323137
28332497
28334010
28334504
28345597
28348422
28349987
28358372
28366649
28374574
28380690
28383548
28384173
28389425
28405000
28406954
28407495
28409828
28409895
28410428
28419987
28420447
28426699
28427172
28435151
28436958
28437129
28437887
28457885
28464560
28471533
28482921
28492224
28495577
28500074
28513981
28514714
28520086
28532603
28535500
28539595
28542404
28544542
28544596
28545594
28545881
28548102
28579418
28583899
28593930
28611369
28614801
28620193
28622746
28627522
28638676
28643466
28643904
28646530
28647370
28648299
28659793
28666239
28666466
28668542
28669597
28670109
28671685
28674255
28676845
28677145
28677757
28678406
28684076
28684192
28684418
28688538
28694081
28695367
28705238
28715494
28716756
28729639
28732855
28735021
28735299
28735352
28736799
28751919
28757192
28759313
28760350
28764769
28765519
28765635
28765925
28767178
28769981
28778596
28782172
28801209
28802150
28803211
28807034
28811491
28813497
28829242
28835277
28844566
28844955
28849222
28877431
28882752
28884332
28886316
28893232
28898438
28919376
28919430
28928664
28933476
28941045
28942223
28943207
28944864
28949389
28955486
28963813
28969686
28977876
28981117
28992367
29024567
29026147
29028430
29030641
29033951
29035380
29039445
29039501
29040066
29049670
29055957
29057471
29058776
29061494
29068480
29070587
29072283
29073363
29074298
29074299
29088666
29094382
29097208
29100502
29103324
29111592
29126427
29133260
29145453
29145712
29155252
29157984
29161460
29168867
29176667
29183039
29191088
29192123
29196459
29196708
29208566
29215722
29219023
29228600
29230102
29233086
29245931
29247144
29247173
29247798
29250145
29250157
29255152
29258611
29286152
29299344
29301300
29305974
29308811
29309831
29310791
29311146
29313174
29314205
29317453
29317792
29319178
29323130
29323204
29323710
29327460
29329496
29343182
29366446
29373032
29373806
29377313
29379010
29391276
29402405
29412694
29413962
29415892
29417902
29422077
29423330
29432995
29434267
29434299
29434766
29436471
29440889
29444976
29448248
29453795
29473075
29474860
29476740
29484338
29485196
29488175
29510478
29511435
29513553
29514675
29524442
29534535
29535518
29540697
29540857
29547721
29549054
29550827
29554973
29555825
29559252
29563338
29575548
29575932
29587623
29589441
29604191
29604337
29608013
29618652
29618773
29622035
29624738
29636082
29636687
29652075
29661110
29665134
29667227
29669931
29678417
29678719
29679904
29681797
29686224
29691281
29691435
29693122
29694646
29702220
29710506
29710511
29712620
29718273
29720262
29739985
29744983
29746861
29747385
29747748
29748647
29750304
29752100
29755657
29766025
29768985
29774080
29775231
29779621
29781506
29784003
29797602
29802156
29808705
29843156
29843768
29849491
29857156
29858052
29867478
29867945
29868252
29870552
29874688
29875586
29879379
29883943
29898378
29898872
29898959
29908959
29915560
29917178
29920476
29921656
29922443
29923670
29925506
29928576
29930022
29940143
29940267
29949791
29956271
29956284
29971011
29972184
29974310
29980577
29982662
29987897
29991473
29992982
29997113
30010080
30015238
30016600
30018076
30019597
30031925
30042178
30043596
30044827
30044894
30057417
30059491
30060740
30061164
30070147
30070297
30070692
30071308
30074264
30075312
30075737
30078186
30079380
30086379
30088034
30098273
30099277
30101191
30111653
30116335
30119244
30121673
30125096
30125727
30134310
30135182
30139714
30140293
30143643
30144066
30144298
30144364
30145794
30145831
30148052
30149233
30154423
30160278
30179205
30185781
30185988
30193893
30195046
30201491
30204915
30205482
30209244
30210898
30218055
30218608
30220231
30224931
30225954
30232322
30232451
30235245
30237492
30237578
30240153
30240938
30242147
30244259
30246031
30247799
30248505
30252968
30257711
30258877
30261507
30264402
30267404
30271853
30272322
30273917
30277570
30278915
30282957
30287418
30287858
30299441
30302948
30305302
30305454
30311846
30324848
30327434
30339839
30340603
30345823
30349873
30366509
30379418
30385786
30388100
30398288
30404032
30405206
30408629
30417459
30429089
30443190
30448827
30465058
30471358
30471381
30471420
30485126
30485272
30496623
30496783
30500068
30502449
30506914
30510442
30513362
30521117
30521964
30522383
30523147
30530994
30542285
30542413
30548602
30550637
30550885
30554495
30566959
30569118
30572121
30582743
30584213
30586667
30587175
30604480
30606217
30610061
30610922
30612118
30622281
30623241
30628591
30629441
30629676
30635030
30635602
30638309
30642012
30644168
30644575
30649473
30652828
30654118
30654932
30659184
30663676
30664999
30665716
30674985
30679644
30682804
30685487
30685700
30692016
30703868
30704288
30707846
30716535
30718470
30718510
30720093
30728500
30728776
30729471
30729479
30729487
30729704
30730609
30731321
30740905
30745310
30746895
30767746
30771739
30773420
30775942
30776646
30782019
30791741
30791745
30792936
30798606
30808624
30813547
30826358
30828764
30834523
30836057
30837642
30842121
30844228
30847744
30854241
30857415
30861394
30861471
30862504
30862648
30862915
30867044
30871515
30873124
30873504
30886197
30891766
30891782
30896583
30896805
30897138
30897501
30899609
30900717
30903825
30906129
30912140
30915215
30917318
30919211
30922122
30923347
30925135
30926645
30926814
30927715
30931327
30932160
30933975
30936160
30938722
30940879
30942447
30942801
30944034
30944169
30944259
30945580
30953645
30954385
30959278
30965235
30968404
30972174
30972197
30973882
30976283
30981080
30983153
31007149
31010247
31025923
31032948
31033977
31034758
31040782
31042406
31044181
31051168
31068441
31075235
31084709
31085006
31092864
31094031
31102286
31107137
31107916
31108241
31113964
31119776
31130863
31131874
31132316
31136803
31148341
31152077
31160553
31161622
31164994
31169312
31176016
31176017
31182152
31186141
31189030
31189572
31190561
31191517
31201586
31201921
31204523
31204557
31208715
31208723
31209459
31211955
31214026
31222033
31226261
31228817
31229684
31236745
31239244
31239673
31253842
31255600
31258481
31261789
31265883
31274342
31276817
31278964
31283041
31283983
31283994
31285188
31285423
31287025
31293216
31298072
31302422
31304988
31307784
31308631
31310911
31313630
31325727
31331074
31332781
31339809
31343261
31350386
31351471
31351964
31353019
31357086
31359010
31362078
31362725
31364719
31368870
31369767
31371812
31380381
31382618
31384309
31390373
31396630
31402800
31402982
31407595
31408372
31410125
31410487
31422941
31424112
31447845
31464310
31475206
31482846
31485657
31495394
31496660
31497826
31500508
31511053
31520482
31530037
31534047
31534049
31534552
31539804
31548177
31557835
31559470
31563117
31568919
31569601
31577939
31586040
31586161
31586865
31590845
31597574
31606726
31608494
31608495
31608709
31609601
31610189
31631977
31634584
31634652
31635173
31636264
31638855
31644429
31646013
31646754
31647983
31648137
31648929
31649847
31653858
31654748
31655387
31661144
31662319
31666999
31672600
31673109
31686786
31695756
31696655
31700695
31705125
31711940
31718284
31735552
31742919
31748609
31752825
31754732
31756130
31757676
31765607
31768001
31771658
31772142
31774188
31774632
31781343
31784401
31788947
31791585
31794570
31815524
31826327
31827706
31828128
31828429
31829201
31830592
31837247
31837326
31849213
31849953
31855117
31857163
31860662
31863959
31876072
31876323
31881177
31883860
31885823
31889132
31894302
31895692
31897918
31901095
31905764
31906765
31910305
31911151
31915516
31918221
31922219
31925860
31926346
31926929
31928851
31932325
31932746
31934282
31934329
31935848
31937149
31939630
31940860
31945013
31945456
31949286
31949599
31958497
31961065
31963938
31966426
31972221
31975545
31980519
31981416
31982563
31982564
31989845
31992827
31992922
31993924
32006659
32007503
32007797
32010148
32012117
32013856
32025239
32028021
32034262
32040598
32044353
32045824
32045921
32052890
32058211
32059749
32060941
32061965
32067417
32069441
32073014
32083237
32084364
32087740
32090454
32092739
32094158
32098291
32099720
32101625
32101827
32108917
32117912
32122385
32124251
32124494
32132930
32134140
32140066
32140758
32147536
32151961
32154622
32156482
32156705
32159191
32161544
32162789
32163857
32173627
32175635
32183900
32186772
32196852
32197418
32200413
32203488
32204600
32205337
32208385
32214220
32216270
32220312
32222415
32222871
32228637
32247641
32269734
32270890
32272195
32273685
32276503
32277513
32280355
32281401
32283184
32284824
32286705
32290085
32295649
32295898
32298781
32302289
32309598
32311485
32315715
32315726
32323440
32326143
32326610
32330138
32330796
32332252
32334102
32334386
32335541
32336048
32339698
32339712
32343998
32345916
32350292
32355794
32357909
32360537
32361653
32371389
32371954
32381549
32393335
32394143
32404427
32409323
32411129
32413742
32416098
32418287
32420987
32426485
32428685
32430054
32431699
32437968
32438772
32439403
32441256
32442041
32445705
32449702
32453422
32476443
32485353
32486519
32499111
32514515
32515588
32517436
32518385
32518750
32526967
32528301
32529755
32532182
32532183
32533926
32544091
32545631
32550912
32555459
32556726
32564401
32564468
32572077
32573417
32573694
32580167
32581428
32581777
32584470
32586093
32587244
32590318
32596691
32597443
32600700
32602242
32612184
32615822
32616521
32622876
32626917
32629163
32632306
32633950
32634440
32635763
32636527
32637608
32638534
32643707
32647171
32652826
32656644
32658313
32659345
32660984
32665267
32668663
32678020
32679132
32683043
32691066
32693649
32705174
32709223
32716577
32723351
32726122
32730652
32754258
32757664
32763417
32764573
32767602
32768686
32768958
32770199
32776418
32778764
32778777
32782506
32789555
32792951
32803252
32805694
32805696
32807933
32816052
32818603
32822332
32843678
32854712
32858189
32859940
32866644
32866681
32878982
32882584
32886146
32887644
32894532
32895234
32899361
32914937
32916025
32926854
32938794
32938906
32940061
32943744
32946669
32954793
32955487
32963046
32965793
32976505
32977456
32978775
32979204
32979207
32979209
32991618
32992936
33013396
33022131
33022338
33023972
33027770
33029956
33034147
33037617
33042421
33045318
33060739
33062167
33063168
33063931
33066270
33075482
33079387
33096361
33099538
33099657
33101657
33107629
33109253
33109602
33111549
33112509
33115953
33118211
33127654
33130473
33133598
33136410
33137380
33139312
33147653
33155655
33161099
33164235
33164842
33166449
33168412
33169745
33171176
33175932
33177241
33177650
33178671
33191853
33193840
33194044
33195691
33197010
33199631
33201766
33210027
33211383
33214607
33215637
33224982
33227438
33231490
33238047
33241027
33241814
33246158
33249722
33255398
33261216
33270017
33270961
33285491
33287871
33292128
33294294
33295881
33296408
33296783
33300913
33301945
33301961
33303055
33303743
33307770
33315194
33315199
33315205
33320893
33335572
33336820
33346009
33350983
33359852
33359913
33361529
33364748
33374841
33375366
33376672
33378213
33378983
33381766
33381767
33381768
33390926
33392201
33408335
33408787
33414452
33424281
33426805
33427619
33437372
33440880
33441426
33441836
33443201
33443518
33448319
33450259
33452305
33452687
33452968
33459503
33460793
33469535
33471008
33473114
33480322
33485930
33488803
33493345
33493980
33495836
33499145
33503223
33512030
33517187
33520980
33526653
33526719
33532587
33535605
33536347
33543180
33559324
33561540
33561541
33562356
33567474
33567897
33568523
33569722
33572124
33573682
33576000
33582913
33586252
33588909
33597301
33600943
33606899
33609695
33609696
33610821
33614593
33615102
33617044
33617050
33617226
33617553
33618587
33624774
33634117
33640582
33646122
33648469
33678633
33689077
33692439
33704322
33707504
33714889
33719441
33722697
33731712
33735716
33737173
33738280
33742215
33744432
33744850
33744859
33749677
33751809
33752736
33762205
33765556
33767361
33769459
33774341
33781898
33795795
33798706
33799167
33800441
33802005
33804203
33809253
33810460
33811860
33827672
33827816
33829022
33832532
33833854
33844985
33850295
33853646
33859822
33870507
33876419
33878544
33878859
33879790
33880054
33881378
33884024
33890588
33897442
33898435
33907208
33915295
33915911
33916928
33918436
33926568
33935044
33936363
33939302
33940137
33942503
33953172
33953184
33960555
33962484
33967763
33973110
33974280
33977074
33982891
33984464
33986262
33987361
33988222
33988757
33990219
33991950
34006821
34006826
34006989
34014552
34015366
34024188
34026950
34031369
34031844
34039624
34052462
34058434
34071594
34082858
34085175
34085927
34086763
34093756
34094638
34094856
34098983
34101970
34105258
34105311
34107348
34116024
34117708
34126199
34126239
34127028
34131243
34136574
34137218
34142176
34144150
34144159
34153254
34153786
34155675
34160515
34160894
34165367
34166809
34171515
34172007
34173271
34176242
34182246
34182799
34184072
34193158
34194439
34195707
34196525
34197081
34200880
34202137
34204404
34211396
34226187
34228237
34230481
34230488
34237707
34240807
34249945
34255742
34256841
34267289
34268381
34277596
34284715
34290363
34298196
34298323
34307684
34315248
34315467
34321073
34330063
34332049
34335275
34341460
34344989
34350255
34355225
34357595
34360007
34360594
34369548
34377252
34381182
34383111
34386509
34387761
34390681
34395219
34400519
34409794
34409835
34413494
34417329
34417537
34419603
34423918
34425229
34426118
34426743
34427363
34428745
34430561
34435650
34440221
34440538
34440768
34440937
34451873
34459110
34461226
34463129
34463587
34466014
34468013
34470616
34476923
34480835
34486378
34488936
34491054
34492535
34495429
34500105
34502478
34506942
34506973
34511883
34515572
34516821
34518512
34522160
34526577
34526904
34530171
34534663
34537377
34537380
34539991
34542770
34546791
34547383
34550907
34551684
34551709
34555528
34556628
34559207
34561389
34561933
34565285
34565303
34569725
34573065
34577072
34581667
34583778
34584074
34602973
34607107
34610749
34611513
34612715
34616850
34626798
34627999
34628269
34629037
34639026
34640324
34650433
34650772
34650969
34651666
34653605
34657320
34658862
34659230
34671266
34671981
34672113
34672227
34679766
34687898
34696628
34702854
34705985
34706873
34709978
34711707
34719360
34721040
34724347
34724799
34727094
34738460
34738623
34745003
34751824
34754093
34764792
34767957
34767958
34767959
34768920
34769441
34772811
34775640
34777682
34777685
34777686
34779488
34783292
34784954
34784965
34787331
34794451
34795843
34795891
34803488
34806937
34812543
34813965
34815758
34821196
34824542
34829531
34838028
34841538
34848799
34858187
34862093
34864169
34881186
34882836
34886755
34887675
34891040
34894103
34903082
34905737
34906679
34907535
34914744
34915568
34917303
34921962
34925020
34925057
34931844
34936115
34943080
34953038
34956209
34956224
34977596
34979545
34982732
34983342
34984422
34987154
34989027
34990878
34992497
34997944
34998164
35005113
35008608
35029035
35033199
35034101
35034537
35038565
35042267
35045740
35046940
35058228
35061535
35064306
35068055
35073770
35074547
35074577
35077015
35078447
35082670
35086123
35090521
35091077
35091584
35093078
35095488
35095883
35099493
35103239
35104478
35104760
35109699
35120538
35122957
35123541
35126808
35129051
35129065
35129860
35129942
35140209
35145063
35151027
35153665
35154568
35164658
35165253
35167509
35176588
35184139
35188875
35191092
35191223
35191523
35196878
35199120
35202579
35204144
35214015
35216203
35220594
35220598
35222699
35224782
35225151
35227892
35240498
35240891
35245865
35247635
35260140
35260562
35264092
35264207
35272487
35277480
35278225
35279877
35281370
35283765
35285551
35288194
35307533
35322732
35334131
35337221
35349226
35358477
35359876
35359946
35365162
35365233
35367826
35370642
35377354
35380880
35381294
35382556
35385713
35390446
35391646
35399495
35402663
35405969
35409238
35410627
35412939
35417079
35426372
35428355
35429248
35430901
35432716
35437349
35439480
35439733
35441352
35441488
35443857
35444462
35448521
35457064
35466632
35470068
35474501
35474736
35479080
35480871
35481399
35501334
35509631
35509635
35513246
35524421
35529439
35534137
35536857
35560108
35571243
35571440
35574050
35577279
35579255
35581224
35585042
35586367
35596790
35600665
35608871
35609127
35613259
35616672
35619306
35623293
35625649
35628290
35635149
35637489
35637500
35644218
35650306
35659346
35660787
35664072
35668932
35669511
35671349
35676242
35689264
35689396
35693701
35700066
35707845
35710820
35716032
35720186
35727364
35728631
35732460
35733354
35734099
35736286
35739102
35740320
35742968
35747513
35751529
35756079
35760458
35761235
35763224
35765024
35774865
35778837
35779570
35781799
35784690
35787089
35788130
35791923
35795554
35798413
35804467
35815528
35818275
35818290
35831464
35840017
35842714
35843413
35849954
35854298
35856812
35865095
35870887
35876542
35880352
35880357
35881544
35881692
35887281
35899096
35899925
35905566
35909337
35915804
35916374
35922815
35923173
35925448
35933783
35937573
35937813
35942891
35945200
35947956
35951358
35952515
35967299
35967352
35978511
35981208
35982488
35983393
35984286
35987145
35988424
35993268
35993439
35994012
35995402
35997219
36001977
36005089
36007353
36007472
36007682
36008706
36012474
36012760
36026443
36028175
36031625
36034777
36037785
36046031
36049372
36053817
36054964
36061148
36068607
36068644
36068777
36070048
36071864
36075143
36075514
36078169
36085399
36090228
36095933
36095950
36097797
36100125
36102152
36103412
36104304
36105611
36106352
36109004
36109140
36109442
36114544
36120492
36121967
36122169
36135193
36137413
36139857
36152537
36153352
36173680
36175067
36177510
36178273
36178576
36182100
36184504
36184957
36188601
36198439
36199358
36202216
36204118
36206595
36214465
36215870
36216240
36224344
36228542
36238555
36240656
36242608
36243708
36250247
36253145
36253807
36258202
36261443
36261653
36263050
36263144
36263384
36271561
36291190
36292950
36302323
36307389
36308906
36314274
36328754
36329497
36330908
36330910
36332479
36339585
36342311
36344492
36350089
36352408
36353501
36355303
36355304
36355305
36355306
36359292
36359375
36366779
36367882
36370134
36370364
36370958
36371322
36373952
36379122
36379392
36380018
36384557
36384642
36384720
36402366
36410638
36414376
36414669
36419093
36427299
36431073
36434787
36435562
36435786
36438802
36439628
36439631
36442605
36442828
36452329
36458900
36459925
36466352
36472726
36474470
36474558
36474685
36474686
36474787
36474816
36474982
36480365
36494860
36495056
36499638
36507558
36508923
36510269
36511367
36511897
36512085
36514714
36515677
36526849
36528308
36530063
36531454
36532524
36537124
36537662
36542696
36545287
36545678
36552552
36552848
36563736
36566445
36573135
36577158
36584575
36584898
36588124
36592706
36593507
36598130
36613978
36621703
36622202
36625319
36625730
36627169
36628892
36630751
36632459
36632467
36636109
36638270
36642020
36642417
36643587
36647696
36657732
36670908
36671508
36672165
36683245
36684078
36684425
36685663
36700776
36702375
36702547
36712136
36714558
36715607
36715686
36716981
36718635
36718653
36721767
36722289
36724964
36743414
36748885
36752205
36753544
36754251
36758340
36762426
36769037
36771453
36772893
36773024
36790146
36794668
36796355
36797333
36798782
36802989
36805475
36809763
36810185
36818585
36829930
36838594
36848378
36850434
36863214
36864206
36868238
36868518
36870529
36871937
36875721
36875869
36879303
36882427
36884388
36890785
36893673
36893980
36894989
36896317
36896597
36898656
36902356
36904043
36905112
36906288
36906634
36907253
36909504
36918542
36923091
36924130
36927643
36941991
36947594
36950748
36963293
36969105
36969366
36982442
36989841
36989902
36990010
36998238
36998601
37002200
37003368
37005694
37007557
37008038
37008048
37010409
37013829
37016437
37018403
37020126
37027967
37028460
37033917
37034712
37036562
37038152
37048137
37049677
37055483
37055817
37055831
37058473
37060808
37061147
37061736
37063929
37066225
37076903
37077156
37083155
37084895
37086004
37088785
37096632
37098717
37102924
37103335
37105394
37109407
37109424
37117596
37117739
37118134
37119581
37119767
37120427
37122828
37143367
37144506
37144624
37144868
37146960
37149963
37150265
37153898
37156032
37156857
37159698
37160933
37167638
37167724
37179423
37180812
37182454
37184045
37186383
37187885
37188001
37189729
37192157
37196756
37197096
37204627
37206234
37207971
37217512
37218542
37224053
37225052
37232576
37240086
37240121
37258510
37259103
37270777
37271009
37286758
37288358
37292436
37295574
37298473
37298730
37313169
37314430
37315775
37328786
37330028
37335102
37337779
37340797
37343369
37344157
37357387
37366428
37367299
37370114
37371471
37372008
37373251
37386638
37392568
37392862
37395388
37396516
37397527
37404993
37406898
37410754
37417814
37418985
37422640
37423156
37425490
37428931
37436700
37437059
37439722
37442513
37447284
37452551
37453588
37459592
37462361
37462629
37464762
37478172
37478628
37492222
37492739
37492935
37496731
37499456
37506502
37521864
37522058
37522619
37524226
37524872
37525533
37530884
37536183
37536412
37537733
37540756
37542771
37547183
37548411
37550003
37550685
37551685
37555294
37562858
37563688
37566478
37569290
37569721
37569797
37578083
37587519
37590222
37598898
37602866
37605203
37605762
37609135
37610277
37611970
37612419
37614305
37623223
37625369
37625900
37626033
37626753
37635809
37635810
37640697
37643315
37647773
37648149
37649532
37651283
37654229
37660594
37666177
37670256
37671131
37679844
37681413
37684025
37686806
37688589
37688747
37689723
37689763
37694150
37696386
37697972
37710278
37711057
37716404
37716405
37717108
37717314
37717904
37720103
37724835
37724954
37725203
37730805
37736726
37739115
37740460
37741049
37741321
37742380
37744058
37749650
37749958
37751010
37755294
37758057
37759478
37760884
37767107
37771529
37773720
37774483
37777063
37789884
37790467
37794006
37794470
37797712
37802174
37802464
37802465
37808393
37809453
37810027
37817544
37822916
37827130
37828576
37831180
37832549
37838829
37841504
37843296
37847690
37855351
37865314
37870591
37873464
37881954
37890601
37890685
37892235
37892999
37898909
37904981
37907525
37908734
37935202
37939265
37940665
37946009
37948862
37953787
37966852
37967808
37974562
37979958
37984927
37993861
37994560
37997349
38000494
38003583
38006711
38012096
38012390
38013468
38016613
38019905
38031141
38036301
38036734
38039715
38041181
38044289
38047118
38049482
38049841
38049890
38054626
38055109
38057865
38062473
38068720
38070625
38072172
38073004
38073444
38077417
38078876
38081212
38081396
38086272
38093659
38095503
38098028
38098174
38099276
38099292
38102666
38106002
38107076
38107146
38111237
38112591
38113621
38122922
38123662
38124066
38126609
38136188
38136204
38144567
38149721
38155203
38156385
38162262
38162513
38163445
38168298
38168877
38172258
38172596
38172636
38174997
38176476
38179126
38200400
38206529
38217021
38218011
38219870
38220141
38223812
38229660
38235367
38253247
38254101
38254681
38265817
38266107
38266448
38268484
38279454
38279613
38283982
38292917
38293189
38294258
38295913
38304614
38305280
38310093
38314968
38318490
38318502
38318506
38330742
38342566
38342630
38343826
38345195
38358041
38366885
38366909
38367900
38368102
38368390
38370466
38371274
38374072
38385071
38389105
38389178
38389322
38390145
38394066
38395992
38396204
38403153
38407978
38409832
38413029
38414246
38419097
38420347
38423170
38429848
38432607
38433252
38443372
38446901
38447596
38451090
38452214
38454524
38463824
38464287
38466626
38477740
38490726
38494837
38499500
38500177
38502232
38503493
38508350
38513577
38513770
38517601
38519981
38520209
38520666
38520869
38526843
38527663
38530647
38531464
38532994
38534340
38537745
38552182
38554999
38555153
38555717
38561335
38563817
38565085
38566328
38566346
38570329
38580748
38582102
38584583
38588612
38591180
38593309
38593506
38596341
38596988
38600628
38600920
38604493
38607953
38608493
38609896
38613068
38616762
38617544
38617547
38621621
38622181
38624135
38626543
38636283
38640238
38641979
38642047
38645030
38645498
38649190
38649260
38658095
38662932
38664616
38664941
38673854
38684182
38697509
38704731
38713087
38718660
38719085
38719811
38720613
38724958
38727027
38729544
38733337
38734566
38740234
38741587
38742846
38744373
38745274
38755672
38759289
38760576
38760908
38765604
38765877
38766109
38769545
38770735
38773312
38779782
38781213
38782252
38785157
38786602
38789434
38795835
38798488
38805545
38812033
38818117
38819423
38823432
38826308
38828660
38831184
38831316
38832304
38838155
38842129
38842136
38843517
38844123
38844159
38844896
38844905
38850170
38851726
38856671
38856915
38857679
38860745
38867741
38874373
38875922
38876275
38879753
38882274
38890638
38890746
38892202
38901508
38904008
38906009
38907928
38908089
38910496
38912570
38918254
38918843
38923623
38923865
38925462
38931240
38934781
38935462
38936470
38946534
38946719
38950333
38952687
38953843
38962862
38964626
38969191
38974041
38974597
38976127
38978353
38981227
38981876
38986303
38992995
38994024
38996934
39006498
39007035
39007896
39018481
39019845
39024114
39024748
39026271
39036830
39038323
39040492
39042029
39058329
39059951
39061952
39062860
39064807
39071897
39076825
39084098
39086231
39088322
39090667
39091806
39094365
39095867
39095992
39096166
39098445
39101301
39101668
39103049
39103079
39105347
39106443
39107784
39108841
39111145
39116410
39120281
39121926
39122063
39125316
39126921
39129277
39130448
39133964
39134394
39135294
39135543
39143134
39153567
39155382
39159149
39159565
39164798
39169784
39172956
39173720
39175261
39179013
39180608
39188023
39190086
39191723
39191890
39192268
39196784
39199188
39199189
39204339
39206714
39208260
39209246
39217193
39217430
39217884
39218203
39220257
39221886
39224514
39225365
39225479
39228264
39229102
39231936
39231947
39236007
39247402
39248388
39251054
39251145
39251394
39260332
39261080
39261846
39262222
39273553
39276449
39280634
39282962
39284778
39288630
39298571
39305580
39307297
39313038
39314058
39318150
39321708
39322043
39323636
39326131
39326362
39330704
39342326
39342461
39343238
39344168
39345152
39346538
39350476
39351091
39351165
39351827
39356214
39363112
39363784
39366498
39368343
39370072
39376016
39378655
39378706
39383631
39388890
39388895
39389988
39396563
39396655
39399840
39400124
39401064
39401356
39402771
39403980
39407273
39408977
39411061
39413302
39414788
39416169
39419437
39426230
39426787
39427765
39430133
39432678
39433168
39434351
39438569
39442872
39443554
39444399
39447781
39448001
39448593
39454503
39454680
39456041
39469313
39469810
39471714
39472618
39472658
39479450
39482250
39483974
39486995
39488239
39491137
39494399
39495906
39498143
39498503
39505144
39510640
39510846
39512844
39514126
39521431
39527654
39531048
39533324
39533432
39536879
39554166
39556697
39558161
39560314
39564812
39569601
39572599
39574483
39574959
39577362
39578049
39578202
39580858
39582573
39586750
39589827
39592076
39592517
39596012
39600372
39604981
39608050
39608176
39615215
39616734
39617085
39617202
39617790
39619871
39622432
39628956
39629050
39638118
39639339
39639386
39647219
39649263
39659898
39661058
39662267
39664429
39666251
39673685
39674342
39680708
39687146
39687299
39687801
39692282
39692948
39693952
39694343
39703140
39706062
39706287
39707367
39707543
39709528
39713453
39713898
39717596
39717946
39718827
39721037
39726016
39727570
39730094
39731281
39738099
39738432
39742533
39744759
39745919
39746903
39746943
39752388
39755166
39755936
39757463
39762209
39764993
39765309
39766213
39769163
39771485
39773289
39776592
39780612
39786170
39786573
39787690
39792653
39794700
39798244
39799877
39801258
39804978
39805173
39806427
39808971
39809361
39811464
39811690
39814287
39815302
39819042
39820028
39820104
39820791
39823538
39827311
39829021
39833570
39835169
39835597
39840130
39840483
39840543
39842659
39844298
39844325
39847187
39851510
39853717
39853943
39855042
39855425
39855426
39859264
39859298
39864914
39865089
39873724
39877352
39880042
39894170
39894691
39894827
39895575
39895864
39895981
39899451
39902346
39904978
39904988
39910066
39914283
39919897
39921035
39922237
39927459
39927476
39928137
39933417
39936984
39940649
39947509
39948108
39952199
39952346
39953605
39953712
39955730
39955869
39959649
39960544
39964979
39969512
39973340
39973552
39975211
39978573
39983344
39984079
39990659
39991659
39991826
39998739
40000838
40001168
40008494
40011919
40013619
40013941
40016267
40016770
40020461
40020627
40020990
40022220
40025171
40025588
40026169
40035483
40040621
40042438
40045368
40045641
40047894
40054376
40055825
40060529
40060537
40069162
40072052
40073810
40080941
40081708
40082721
40087276
40087281
40090277
40093804
40094857
40096748
40097410
40102704
40104642
40110405
40113744
40123999
40129610
40129871
40131994
40136230
40138455
40138492
40139394
40139644
40139646
40139647
40142050
40143596
40144306
40148904
40149899
40150862
40154729
40155964
40156068
40160694
40161844
40163719
40165083
40166233
40166328
40169157
40169556
40174634
40176311
40178220
40179178
40179650
40186216
40186254
40188009
40190344
40191465
40192588
40194607
40197110
40204189
40206403
40207030
40207563
40210178
40213660
40213675
40215820
40220130
40220712
40220945
40222260
40222272
40225130
40228703
40229258
40229323
40229791
40231159
40237708
40240774
40250032
40253033
40253766
40253827
40254785
40256789
40259333
40264591
40264709
40272163
40273050
40276767
40277849
40279436
40286845
40287984
40288509
40290123
40290887
40296351
40304130
40306348
40308880
40315404
40316216
40317692
40318007
40318827
40321804
40322041
40324641
40325465
40332404
40337550
40339496
40339773
40342810
40345271
40345585
40345612
40346614
40347883
40349405
40354861
40355406
40356240
40357333
40358029
40360087
40366222
40369255
40370470
40374649
40375346
40375383
40379111
40379185
40379798
40381504
40383351
40386290
40387631
40391077
40394653
40395084
40397763
40399261
40400312
40403559
40407177
40410671
40414473
40420355
40421143
40425566
40427396
40431555
40433051
40435578
40436126
40437041
40437758
40445329
40447254
40447860
40448062
40448420
40448769
40448783
40455747
40461512
40462979
40463059
40463116
40463228
40466654
40474870
40475787
40476065
40478933
40490703
40494201
40496065
40500748
40501713
40501760
40502622
40505483
40506565
40517915
40517943
40520017
40522441
40527441
40534503
40538163
40540898
40541454
40541821
40542398
40543563
40544000
40544314
40544666
40545361
40545529
40553578
40555911
40569959
40570942
40579479
40581888
40582373
40582653
40583237
40583463
40583471
40584820
40585250
40587399
40592131
40592720
40595596
40602581
40604282
40605150
40605494
40606845
40611375
40611524
40616103
40616212
40618094
40618631
40618705
40618799
40618872
40620356
40620422
40621694
40624668
40628108
40628511
40633452
40634791
40635000
40641371
40646376
40650059
40651795
40654154
40654155
40664639
40664892
40666997
40671121
40673894
40677439
40678261
40678610
40680126
40681017
40682232
40682253
40684207
40684994
40685060
40686193
40691970
40695281
40698077
40699912
40701030
40702221
40709559
40710320
40712009
40714033
40714468
40715937
40717961
40721606
40727996
40728163
40730513
40733772
40735514
40736261
40737429
40743507
40744145
40744211
40746264
40749610
40753437
40755158
40757971
40760019
40765832
40776599
40777809
40778537
40779002
40779147
40779842
40780140
40781689
40781794
40782567
40783334
40787173
40790756
40790990
40797087
40797305
40812964
40813306
40816940
40817461
40817785
40818185
40818538
40821826
40822351
40829693
40838061
40838523
40843172
40847348
40847478
40848578
40848981
40854507
40860023
40860660
40862354
40865711
40869195
40875519
40877980
40879013
40881276
40885352
40886326
40887495
40888101
40889796
40890747
40892916
40893665
40896798
40896869
40896957
40898256
40902750
40903824
40907650
40913785
40913865
40914549
40915381
40916823
40919665
40919882
40924013
40929885
40930294
40930457
40932696
40945544
40946934
40946991
40948117
40963906
40970517
40972737
40974845
40975506
40976363
40987460
40995561
40995851
40997129
40999516
40999539
41000702
41001102
41005083
41006212
41013182
41013655
41014769
41020295
41022004
41028499
41031019
41031135
41035432
41040155
41041044
41041437
41046448
41047035
41051362
41051363
41060973
41067202
41067282
41072700
41075115
41075429
41075743
41076526
41076582
41077081
41077348
41079991
41080734
41082511
41086902
41088346
41089260
41089701
41090154
41093854
41096895
41102140
41102146
41103413
41104872
41106457
41108129
41108151
41111484
41111515
41113931
41117256
41125571
41130306
41133454
41139459
41146463
41148155
41155170
41161589
41163191
41170910
41173032
41176002
41176908
41177139
41178714
41185633
41190216
41194652
41198759
41200799
41201079
41205853
