166095
172532
173816
181024
216227
239424
324481
380514
401258
420707
425824
425826
477081
564192
582870
596139
608292
696272
758919
868495
880770
938890
941794
976816
981706
985639
988953
998193
1080067
1123393
1124956
1132180
1163951
1401080
1406451
1426052
1428305
1441931
1447320
1455459
1532481
1540032
1576427
1586241
1588803
1592211
1593922
1659645
1665294
1665295
1670072
1723575
1727936
1747946
1771397
1851228
1918955
1932367
1947669
1949913
1949917
2000502
2003855
2010837
2023213
2025305
2027137
2027138
2069926
2100375
2104218
2150740
2176623
2208864
2225634
2246557
2305220
2317121
2338498
2355297
2422209
2427091
2430748
2452552
2507757
2508305
2529859
2579224
2596380
2735969
2751098
2778766
2828615
2829908
2987465
3007526
3038223
3040324
3083854
3097286
3102376
3114487
3147827
3148407
3161266
3233039
3238356
3305935
3317796
3338218
3348826
3368750
3372097
3484623
3492984
3497901
3522898
3536251
3553761
3566827
3581578
3598999
3608308
3625362
3625661
3625662
3625665
3625671
3665251
3688008
3701731
3708985
3709915
3735271
3769240
3780104
3788502
3894795
3941138
4001876
4004971
4066725
4096319
4096320
4096321
4101094
4104147
4121831
4130143
4133061
4133718
4168366
4188339
4224976
4260317
4302621
4329632
4349712
4413380
4480417
4562192
4589104
4693868
4708019
4710840
4736768
4804991
4806072
4864284
4991677
4997575
5002457
5047791
5047793
5121721
5319436
5326438
5360889
5425638
5427954
5433599
5452318
5464072
5507896
5562380
5575973
5578227
5721108
5723015
5770582
5820782
6083987
6154558
6191591
6238825
6242443
6242460
6245866
6271450
6436458
6439003
6524981
6547540
6592754
6603852
6623010
6632992
6638904
6639696
6658397
6663591
6688183
6688529
6701529
6846012
6859071
6931885
7014063
7058292
7064668
7066180
7072836
7082741
7084274
7086778
7090758
7097689
7105551
7108320
7116952
7136561
7140079
7211310
7217169
7226619
7295003
7295332
7332379
7340843
7354466
7371310
7449224
7449226
7455620
7458431
7468218
7488982
7529315
7531256
7575726
7586003
7604535
7634643
7677594
7699637
7722724
7748223
7772639
7791127
7818555
7848310
7850677
7853094
7863819
8048323
8053958
8118900
8118990
8119031
8129797
8166906
8207585
8229383
8230023
8240430
8273555
8336311
8403540
8410449
8410881
8436117
8472426
8472427
8503095
8504610
8544020
8548356
8581744
8583053
8596153
8630101
8648258
8670336
8748521
8748533
8765389
8806111
8806112
8866331
8893759
8895216
8921246
8991991
9068283
9117169
9135825
9167621
9181480
9189739
9195525
9228535
9255109
9271160
9297550
9397262
9404468
9404470
9404472
9408281
9420595
9480869
9496714
9497941
9497942
9500621
9510855
9512498
9514210
9519795
9551411
9556743
9570218
9581258
9616433
9616434
9616439
9632335
9663485
9678053
9682784
9692069
9733465
9743813
9779827
9786430
9802549
9852107
9858423
9876398
9972974
10025914
10090178
10197169
10222217
10233854
10329329
10334506
10342332
10343773
10367020
10367688
10374025
10412452
10415782
10419781
10443472
10452831
10489323
10503932
10521613
10524683
10544844
10544954
10557197
10558852
10607499
10623638
10632453
10648013
10661385
10689873
10724258
10738690
10792965
10806047
10861084
10867027
10871041
10899715
10914857
10936503
10966841
10966842
10984135
11003576
11069731
11083281
11086095
11127660
11160347
11178948
11178949
11192249
11211982
11237666
11243562
11288094
11292039
11300742
11300744
11300748
11300749
11314520
11317676
11325536
11334975
11341433
11355886
11398850
11398866
11399099
11399103
11406617
11415608
11415729
11453476
11461663
11465142
11467895
11495195
11508433
11520169
11531396
11548222
11550710
11550715
11557363
11562124
11603728
11678296
11680673
11680676
11680688
11680691
11732032
11780722
11791641
11795986
11823537
11824951
11859385
11869070
11869073
11869078
11869082
11869084
11876277
11900196
12002826
12006318
12012032
12038628
12056850
12082287
12112417
12164342
12172719
12175098
12322970
12369789
12400399
12426543
12426659
12483727
12486471
12505486
12505488
12554127
12581388
12604692
12623287
12623289
12640890
12649027
12658748
12703656
12704696
12724680
12738249
12752202
12773042
12794826
12796883
12847686
12919881
12932294
12932295
12939359
12939762
12954234
12972479
13129695
13773897
13918543
14521295
14609534
14629965
14646055
14652478
14698991
14722210
14758471
14972340
15020329
15045525
15064812
15183429
15219574
15229942
15249318
15262241
15262243
15270275
15280602
15299285
15304263
15325637
15334467
15380039
15449425
15449426
15449511
15449512
15450534
15466401
15472397
15501401
15501403
15501408
15523898
15541672
15544889
15564066
15564068
15603819
15608304
15636551
15641085
15642141
15676082
15694575
15694577
15694579
15703011
15727893
15727894
15751088
15758375
15758487
15764839
15765218
15780643
15780645
15788315
15818693
15882563
15882564
15883039
15883738
15913943
15935608
15967685
15973508
15993557
16022984
16023007
16034188
16036131
16056079
16099082
16099121
16105911
16122644
16153550
16154778
16165377
16169257
16258912
16286032
16286033
16307185
16344493
16385543
16413501
16427327
16463423
16470459
16480901
16483806
16485275
16500096
16504737
16514637
16516501
16526282
16563812
16567454
16581860
16607552
16639625
16644246
16716606
16721529
16736522
16740257
16765606
16819182
16829037
16861013
16869019
16895758
16919424
16934183
16949051
16965923
16979130
16995764
17008111
17033834
17072658
17082378
17098451
17121649
17143596
17157537
17158799
17174116
17174958
17185834
17187753
17207396
17257416
17267227
17376710
17379543
17401567
17408983
17409739
17413965
17416724
17434520
17469132
17469133
17537650
17564307
17576081
17599731
17612627
17623656
17629939
17686167
17763056
17763450
17806152
17826961
17889569
17907184
17924112
17977753
17983423
17986983
18032072
18065760
18078697
18162190
18164790
18182205
18196436
18201914
18202097
18226558
18227807
18246688
18251495
18253075
18289887
18308591
18324355
18358246
18378169
18440246
18524638
18536737
18546028
18571101
18573668
18597092
18601460
18635922
18655133
18664254
18672387
18699993
18757215
18760939
18786840
18817862
18822193
18826579
18836225
18836236
18922704
18924142
18941854
19056196
19064326
19089540
19100343
19128988
19136500
19139060
19152788
19226011
19242978
19249964
19293161
19357845
19379726
19427403
19447215
19473558
19499299
19577765
19589338
19615962
19619632
19621423
19622607
19644873
19655297
19656083
19716503
19725096
19796724
19877289
19877898
19933220
19937913
19941998
19995451
19997826
20001938
20010383
20046426
20089151
20148096
20225288
20237852
20354742
20390279
20399435
20399901
20407800
20420676
20434575
20436717
20488444
20495569
20522967
20591677
20633668
20633683
20678201
20683842
20686209
20733349
20851201
20861497
20863650
20863825
20864020
20872588
20886647
20886656
20951230
21035559
21044693
21055904
21056352
21063883
21067936
21075020
21089182
21104136
21127340
21141677
21144162
21152323
21188382
21258522
21284047
21287781
21305336
21325780
21327438
21334177
21343686
21350959
21397547
21415641
21437949
21445980
21462250
21471417
21567132
21571083
21624651
21633723
21658899
21674258
21674547
21697093
21750530
21750784
21792361
21808721
21820069
21843651
21853458
21881990
21885247
21889876
21895501
21911044
21914215
21963244
22018423
22071411
22071698
22081300
22081995
22102374
22119214
22142024
22167163
22179032
22184086
22215151
22288847
22298781
22314877
22330350
22333731
22337466
22344562
22353745
22392368
22405078
22429866
22435714
22438217
22462241
22466300
22474519
22484689
22490585
22495600
22507555
22528754
22528855
22581309
22611500
22636321
22645088
22668504
22709525
22737537
22739214
22750746
22759953
22763137
22763343
22765310
22771776
22781206
22809835
22818426
22818981
22821055
22825641
22827787
22846713
22865437
22877818
22882937
22903188
22917745
22935787
22947279
22967750
22971527
22976595
22977770
23025929
23074702
23085002
23154419
23160848
23183190
23194887
23247212
23257243
23267848
23312211
23335181
23339021
23353668
23353669
23360790
23389746
23423824
23433227
23461527
23519019
23521980
23523901
23523903
23533523
23550192
23564690
23574696
23603083
23611900
23634175
23646806
23680875
23701865
23728192
23792272
23843150
23843355
23846837
23916076
23927932
23973917
23983790
24007463
24016823
24071980
24084720
24108064
24111862
24185110
24195351
24237934
24239096
24361795
24375646
24384406
24392152
24465137
24481743
24526748
24586815
24613214
24632762
24655056
24662735
24697299
24703827
24720858
24729965
24742749
24748433
24749144
24750874
24766775
24769230
24792209
24797570
24810823
24819118
24837189
24853775
24890034
24909758
24916718
24965503
24974007
24977073
25001340
25008204
25009597
25009705
25065588
25081415
25087069
25106675
25120312
25123228
25125266
25151083
25153804
25187381
25192881
25219668
25230745
25278055
25283343
25287683
25350566
25356168
25377946
25381135
25385442
25398247
25398806
25435376
25438155
25445302
25450842
25463442
25471680
25479166
25496568
25523754
25541697
25569085
25573797
25592743
25608048
25666331
25712888
25725391
25736607
25754287
25776872
25815520
25818452
25820864
25824985
25835759
25846264
25884951
25889158
25889371
25932159
25934426
25957254
25967971
25986068
26023716
26028140
26033998
26045743
26069596
26069620
26069642
26079860
26108147
26117694
26135713
26135886
26147652
26159056
26194917
26228537
26229774
26239837
26247612
26256195
26275694
26321377
26336584
26336958
26369477
26395917
26396170
26403700
26485068
26535700
26538834
26550441
26560133
26573557
26576262
26585246
26589614
26600478
26617688
26622502
26703073
26704447
26706677
26771387
26806976
26808542
26838881
26844597
26850822
26851252
26864066
26871903
26872897
26873249
26884921
26898122
26898767
26902085
26915044
26936196
26937219
26945831
27003736
27017891
27022552
27039182
27052304
27060082
27063559
27069407
27086145
27109206
27114801
27129040
27142133
27173350
27178054
27266646
27279147
27301478
27321049
27430254
27454655
27475840
27485850
27543842
27640363
27650754
27662821
27686453
27698707
27706690
27709418
27737345
27743046
27756698
27756901
27789339
27793538
27825604
27845067
27876074
27904047
27908189
27908544
27909553
27925221
27994917
28025555
28066137
28097685
28102161
28133485
28278383
28280413
28284999
28297568
28303595
28318324
28325340
28339018
28362543
28420082
28504144
28508006
28520463
28542897
28554494
28587374
28599103
28619022
28647468
28662337
28688215
28715494
28730231
28757192
28810851
28815179
28890259
28892260
28923043
28951745
29017608
29056291
29093428
29104661
29108480
29150268
29171968
29191221
29201194
29205258
29205898
29233641
29257344
29263013
29285104
29291543
29357891
29359666
29393693
29438883
29477035
29493355
29522657
29523155
29524675
29534084
29534754
29543781
29549951
29556366
29557244
29581742
29604245
29637484
29656239
29682561
29684624
29694389
29725360
29781506
29789008
29794403
29845461
29861524
29878993
29892579
29901017
29923522
29944927
30033246
30035060
30046312
30055642
30069445
30093011
30093946
30104576
30110088
30210670
30220711
30258570
30261492
30275684
30280200
30378173
30415972
30429885
30430453
30464073
30480335
30486657
30507075
30519575
30519936
30542421
30592265
30596714
30603567
30603587
30606638
30609097
30626725
30644773
30651759
30656598
30671145
30705526
30783864
30795769
30820353
30841560
30858696
30871292
30885225
30923232
30970861
30977542
31010247
31044415
31051241
31062604
31095777
31128080
31131046
31134817
31146014
31146351
31150275
31168540
31183123
31207966
31256666
31287023
31298359
31304164
31312686
31316574
31355276
31369700
31374866
31384819
31389579
31419488
31466462
31474179
31475944
31492126
31500751
31511072
31520482
31521691
31542485
31553428
31554894
31565788
31578839
31587011
31629102
31681730
31682385
31695255
31711715
31726172
31740016
31764352
31799697
31814923
31819923
31838140
31840428
31844612
31875872
31888697
31918209
31988026
32003441
32060941
32070117
32099804
32112264
32129514
32129515
32138842
32186046
32201950
32216270
32235804
32281500
32294140
32308770
32348838
32351784
32394696
32426059
32433520
32435673
32435676
32556386
32561472
32590144
32706497
32713662
32747064
32763434
32764579
32765756
32774019
32802182
32824204
32824442
32841203
32843582
32925989
33014527
33076883
33102504
33217001
33224204
33224251
33240955
33254972
33270961
33356729
33382341
33392807
33398932
33407870
33424189
33426205
33432584
33437629
33455260
33463160
33464061
33464397
33466246
33469783
33526743
33533202
33580529
33580730
33593365
33594314
33621866
33628096
33652170
33691527
33706812
33708990
33737085
33774341
33782948
33812379
33818795
33829012
33843153
33857741
33874948
33914354
33927645
33933140
33969044
34049110
34061360
34078931
34144542
34145810
34181201
34201327
34206900
34335042
34335838
34336354
34340598
34355626
34421623
34421630
34422071
34509913
34515572
34528913
34533814
34582032
34590154
34610749
34626310
34666200
34666502
34670390
34706537
34721588
34736242
34749769
34751734
34786041
34802259
34848747
34848799
34861782
34863246
34876212
34886755
34905737
34932655
34939393
34960976
34981507
35012034
35017095
35020409
35023025
35028785
35032910
35057081
35095776
35179308
35218985
35219139
35228907
35259590
35289232
35305656
35344713
35416068
35427733
35457148
35469160
35488351
35529473
35539110
35551975
35578319
35610008
35611765
35623463
35681865
35702092
35711630
35802206
35810237
35900609
35910465
35931836
35932304
35942132
35962413
35972962
35981680
36004407
36036756
36045373
36054172
36072990
36089087
36093403
36100947
36122351
36188596
36230897
36318365
36337189
36342311
36381245
36396950
36400827
36435438
36436354
36437834
36444115
36465935
36475290
36562983
36573287
36605767
36647547
36755334
36769037
36805735
36806251
36810435
36830586
36863142
36891610
36892223
36895264
36896417
36919160
36933246
36939962
36942663
37005948
37036937
37065219
37065652
37082688
37143133
37229212
37237645
37256203
37326631
37403648
37425368
37435308
37454258
37477775
37482815
37528751
37533971
37589243
37638205
37660361
37677036
37683603
37685986
37694883
37701494
37708238
37762430
37797606
37802985
37822586
37841358
37859690
37867636
37874329
37930003
37937094
37984909
38031520
38058072
38078617
38156057
38164676
38192148
38206679
38283982
38363057
38384563
38415672
38430019
38466626
38490726
38496031
38504085
38509852
38525935
38527988
38548121
38554890
38583525
38602270
38639204
38657788
38767630
38811966
38822418
38849876
38877353
38900226
38924533
38928219
38978802
38988173
38996961
38997077
39004250
39035691
39037882
39075502
39076208
39092654
39109508
39135391
39168422
39178925
39195841
39232650
39255529
39282499
39291892
39294780
39314862
39330704
39379866
39396202
39416169
39430502
39539395
39567501
39576807
39586228
39595645
39615373
39653135
39659121
39662776
39667046
39702245
39717366
39738976
39763468
39790487
39802514
39810328
39833570
39850603
39854306
39864690
39894200
39911730
39916866
39960354
39978572
39982121
39990979
40058106
40060830
40083665
40097127
40107515
40112602
40122361
40123115
40184476
40206399
40222626
40241815
40261969
40275189
40331378
40348022
40388010
40410671
40417961
40427396
40428053
40462979
40541890
40561002
40604758
40614381
40623448
40639017
40683082
40694321
40708540
40797305
40810224
40812964
40820067
40828515
40844195
40859325
40967102
40993677
40997714
41016815
41019426
41024732
41053656
41063183
41068761
41074161
41078344
41096574
41199119
