1163
55584
60309
157389
225927
389957
472897
594372
893514
1173774
1351318
1406451
1418050
1542136
1574936
1691192
1697163
1700613
1729286
1800463
2061382
2065530
2222532
2338011
2349820
2355296
2388113
2424461
2479078
2503282
2596570
2610713
2663990
2805684
3089703
3120585
3161266
3230567
3238371
3246890
3263891
3443045
3489227
3602982
3625661
3625668
3634905
3643734
3915304
3927297
3976132
4251203
4317014
4445161
4458065
4555919
4562192
4571334
4612458
4637158
4701753
4716984
4838410
5360889
5464072
5634151
5680988
5723015
5726902
5775679
5788905
5793012
5825185
5889070
5953958
6023697
6309452
6418269
6421098
6859071
7086778
7435863
7449226
7504102
7564266
7575762
7679410
7703601
7741786
7799655
7863819
7889887
7890989
7942329
7955604
8185693
8210489
8334078
8335947
8366806
8436117
8702386
8731391
8822753
8834624
8835244
8852575
8854249
8866331
8868297
8971960
8979155
9002024
9090810
9135032
9179398
9192516
9286753
9324022
9330942
9333186
9425864
9486003
9496714
9502411
9512498
9542746
9587990
9588741
9616435
9616440
9639100
9743814
9779827
9817766
9876396
9877401
10068027
10080088
10090708
10100939
10197164
10211877
10358204
10367020
10367688
10385960
10395320
10411562
10419774
10419787
10432320
10442204
10499542
10506917
10507084
10560695
10724258
10761541
10777108
10806052
10903334
10903877
10912189
10914859
10947127
10966845
11005733
11014364
11069730
11150165
11172466
11186168
11229466
11237665
11256237
11296547
11326333
11332442
11334975
11337721
11352238
11352397
11399094
11404353
11426673
11465708
11482525
11550711
11586092
11597174
11603728
11677139
11716368
11717181
11734496
11795995
11801247
11810482
11869073
11924812
12028657
12029492
12073103
12076275
12126975
12127833
12202119
12271357
12359164
12364566
12384917
12415421
12435393
12472238
12479386
12505483
12554128
12555930
12604692
12658748
12659680
12709548
12738249
12768483
12773041
12773042
12921731
12932294
12954235
13354102
14121998
14528519
14564447
14566965
14585729
14609535
14613274
14614855
14652478
14660436
14665748
14677373
14730630
14872496
14972336
14972338
14984289
15013079
15023380
15035799
15059281
15077302
15107580
15124255
15212191
15231019
15232785
15240824
15261284
15288135
15299211
15299219
15325638
15356403
15375755
15385784
15450527
15450531
15488329
15494188
15569620
15579310
15601778
15619570
15638411
15649670
15704860
15707241
15740638
15758375
15758487
15764839
15777859
15780646
15784009
15801027
15820145
15837310
15837818
15856277
15883746
15885477
15896984
15905105
15922106
15935401
15967610
15979014
16036866
16039054
16093206
16114085
16122880
16151643
16185945
16216515
16234240
16243547
16255041
16259722
16275085
16290189
16297642
16355039
16359876
16365691
16376111
16394269
16418777
16433646
16437200
16463084
16498013
16500121
16508959
16514626
16549372
16564620
16572453
16580848
16580849
16581860
16583446
16612565
16616417
16616754
16632350
16690336
16720253
16731008
16740398
16768703
16769229
16797470
16819271
16829766
16912413
16912431
16927387
16947773
16959360
16973887
16995764
17072445
17094130
17109745
17126060
17133593
17140817
17145758
17157038
17165036
17185835
17187753
17198754
17216398
17276007
17284317
17284318
17305324
17312183
17320132
17359944
17375206
17382552
17385335
17466542
17490897
17500014
17530714
17562362
17583780
17590359
17623656
17631391
17638573
17646269
17659886
17686636
17698374
17722484
17723296
17822719
17852072
17853445
17875543
17900933
17920302
17937475
17947700
17968906
18031725
18056042
18060205
18072397
18077540
18088507
18160928
18163511
18167200
18172013
18182309
18203067
18224353
18234072
18236017
18237379
18240240
18251495
18262804
18268076
18277430
18287210
18311796
18314368
18342549
18457369
18464888
18475625
18523861
18524010
18548845
18550523
18556223
18573668
18595745
18613981
18637715
18650131
18655132
18679006
18680771
18698490
18699993
18729392
18759291
18780763
18789726
18789727
18791656
18799089
18820312
18836236
18836243
18950940
18955000
18974001
18978578
18990590
19001053
19010066
19010672
19026578
19035511
19050895
19052875
19055838
19063590
19065031
19114312
19116905
19116973
19135797
19144181
19146892
19146971
19147955
19170094
19230856
19233337
19236380
19248108
19293161
19298533
19327154
19332177
19342682
19350690
19376109
19379487
19404941
19409466
19422229
19457673
19462990
19478889
19490963
19490965
19513610
19542681
19565489
19580807
19655297
19664204
19684582
19711077
19716399
19718808
19725096
19744590
19745108
19761884
19767517
19785765
19790055
19790062
19802679
19810106
19822234
19823173
19833177
19876764
19934807
19958520
20005097
20013164
20034712
20060234
20060728
20060953
20067413
20067755
20067770
20077126
20091349
20093129
20121624
20122723
20131282
20133709
20133791
20135673
20158049
20171072
20171183
20188111
20191491
20192600
20205719
20206237
20213810
20309955
20377366
20417294
20434574
20457212
20488927
20490805
20506144
20509748
20510383
20522967
20525390
20527083
20533290
20534789
20538089
20556813
20594346
20603097
20621685
20633675
20633676
20643199
20646986
20647497
20664832
20664951
20675358
20691059
20722015
20722027
20727126
20728870
20738224
20809138
20815650
20850574
20851422
20855557
20863899
20864020
20879383
20930333
20945354
20945906
20946124
20950722
20953646
20967483
21041994
21047496
21069255
21071480
21073445
21088145
21108488
21111752
21147151
21162957
21163358
21167838
21175039
21185649
21216612
21241772
21251986
21267711
21273100
21325780
21327824
21346391
21352090
21378032
21387139
21397669
21398559
21404022
21406075
21428299
21437875
21446028
21466783
21479939
21484226
21497277
21520262
21533617
21538326
21557731
21559479
21571082
21575197
21599960
21620806
21630246
21679434
21681568
21691326
21708001
21720719
21736716
21745460
21756207
21762512
21765617
21782922
21783692
21795829
21796704
21799685
21802499
21808097
21820522
21847664
21853458
21855139
21863259
21864409
21874354
21875676
21884808
21911068
21930225
21931681
21953085
21982494
21991344
22006252
22018973
22019508
22037051
22044919
22053992
22093915
22102374
22120701
22127873
22131742
22139679
22141435
22153941
22175799
22185204
22189147
22225591
22231023
22236584
22240502
22240637
22244821
22252645
22271086
22272053
22285737
22289897
22294024
22304985
22344586
22351096
22370362
22373734
22384228
22387095
22396742
22407503
22414620
22425884
22426440
22427270
22440931
22444025
22445554
22469847
22470467
22472698
22474519
22496430
22498029
22501024
22504024
22506885
22507082
22507670
22508407
22510443
22517267
22526371
22531460
22534688
22571260
22579856
22579916
22606297
22608295
22608545
22609478
22609837
22611500
22613702
22642304
22648246
22659637
22670655
22704650
22713471
22726638
22734248
22736200
22742641
22750747
22752510
22758598
22769424
22775466
22778804
22785367
22790657
22798269
22818981
22820498
22820731
22821055
22825254
22828992
22888368
22890185
22890187
22891645
22908007
22909215
22920092
22925727
22949956
22956865
22961089
22965193
22966427
22967750
22982372
22982723
22984604
22985876
22995397
22996566
23011466
23015356
23020698
23041435
23070996
23105805
23107483
23116713
23118784
23123261
23123358
23124986
23134577
23156970
23164158
23174992
23186943
23218603
23227940
23233270
23263781
23273362
23274676
23287799
23291609
23296253
23297162
23323719
23326413
23334238
23335181
23338062
23339021
23340211
23340819
23356403
23383210
23385821
23399228
23411116
23436205
23454400
23458918
23472862
23473785
23473975
23483591
23483610
23496155
23499675
23503887
23503969
23511695
23519019
23534442
23546441
23563707
23589102
23589286
23597790
23601658
23602983
23603083
23603905
23614573
23664655
23664745
23666904
23671396
23685840
23697583
23701173
23701828
23714389
23717116
23717124
23723320
23731943
23744481
23747340
23750475
23769729
23795771
23799821
23802421
23821557
23826489
23826657
23827368
23830943
23833442
23836445
23852764
23858046
23861563
23861713
23884413
23891396
23891968
23894457
23904482
23915264
23916685
23918578
23928557
23934157
23973147
23973148
23973149
23973153
23979802
23982192
23982761
23990219
24009074
24023832
24028507
24084190
24088175
24093120
24109888
24120490
24129747
24130267
24137247
24142722
24151039
24152419
24161707
24173911
24179591
24184966
24204653
24204985
24206074
24206615
24215110
24228609
24269276
24282543
24286347
24286607
24295650
24315981
24338203
24343447
24357414
24369033
24373735
24387059
24392129
24396291
24423138
24424207
24443819
24448516
24454514
24470361
24470419
24472689
24486381
24497008
24499554
24508775
24512762
24516346
24524826
24534736
24561282
24561313
24567058
24574220
24577103
24578232
24595230
24600703
24602500
24605080
24607485
24632095
24633464
24648308
24658359
24664185
24667079
24667123
24671491
24675155
24687997
24697299
24704497
24714625
24719311
24720858
24732949
24753019
24764617
24786088
24786526
24792209
24797662
24816289
24817933
24818130
24819400
24823363
24837189
24839051
24839120
24852700
24857975
24872709
24872832
24885745
24889323
24928318
24933343
24938620
24939049
24951136
24952978
24955618
24962501
24964042
24966068
24970836
24973958
24976609
24980965
24981632
24987156
24994452
25009586
25009705
25009708
25013448
25039883
25043778
25046535
25048871
25062663
25065008
25087069
25087604
25087745
25087910
25100568
25111192
25118941
25128628
25129057
25146000
25153804
25157947
25169829
25175765
25176272
25185368
25187798
25189115
25189465
25191931
25193704
25201702
25201731
25202993
25219670
25241157
25247198
25248323
25256690
25264131
25264600
25266960
25273135
25278051
25278073
25279151
25294293
25299541
25303734
25308850
25330343
25330932
25339266
25339268
25354787
25374446
25376614
25392105
25415648
25417063
25424775
25435813
25464168
25465897
25466177
25466264
25466931
25488844
25496568
25497864
25512009
25533381
25538060
25575468
25576403
25576671
25592029
25596949
25597243
25613062
25623624
25628667
25659656
25666331
25667638
25675406
25677108
25677204
25687637
25687638
25701166
25702530
25714387
25715677
25719612
25724134
25729331
25733665
25736365
25749876
25754021
25755716
25771150
25777293
25777613
25782157
25785087
25785088
25792809
25802546
25807537
25815638
25818052
25818190
25821313
25853339
25857705
25858171
25874446
25888442
25892273
25892493
25899547
25900303
25903377
25908625
25916553
25917637
25921548
25933963
25935347
25939329
25966657
25973028
25975052
25993981
25997526
26002585
26010756
26028135
26045761
26046639
26062798
26069535
26074364
26083352
26089642
26090476
26092928
26097542
26099282
26109786
26111768
26112847
26117175
26134451
26134502
26136062
26136893
26138240
26138996
26141762
26165348
26166548
26174175
26184498
26197088
26214407
26219508
26220516
26224539
26235583
26240991
26241778
26244598
26244981
26245235
26247695
26254236
26279447
26279449
26285672
26285913
26286016
26303725
26309557
26309781
26312474
26325015
26329269
26336584
26343586
26344001
26350037
26357438
26365972
26376125
26386127
26388558
26433038
26434683
26442595
26445328
26450946
26454050
26455998
26462474
26466556
26470720
26493330
26497741
26497769
26499267
26499268
26505386
26506502
26520886
26521745
26521746
26521785
26524084
26524412
26531672
26542671
26542776
26550169
26560184
26572064
26578310
26586481
26620090
26629963
26631347
26631351
26631363
26636289
26637220
26639318
26653735
26668592
26671580
26675329
26689653
26694132
26703073
26717557
26722436
26722440
26732579
26740052
26742739
26746151
26751999
26752378
26752990
26769161
26773662
26778531
26782475
26794830
26794964
26805018
26807032
26807491
26810784
26817025
26826302
26832187
26838881
26851314
26851450
26866626
26872979
26880531
26881207
26883979
26884829
26888708
26893055
26895619
26895663
26901193
26902085
26915639
26924420
26934480
26936086
26937219
26939846
26944279
26947886
26956364
26969024
26970286
26973329
26978347
26983696
26992380
27015369
27019285
27023516
27026802
27032670
27039182
27042186
27044820
27055478
27066995
27068285
27069504
27077804
27082436
27085969
27086847
27092487
27098310
27108237
27114348
27115490
27118194
27127843
27129293
27132778
27142000
27155345
27155347
27158347
27164955
27178341
27183198
27194201
27208420
27211863
27214709
27220395
27227030
27233606
27235904
27240953
27247228
27247722
27261750
27305832
27312547
27312650
27314696
27321194
27338815
27345362
27347022
27347945
27349460
27349462
27363337
27365987
27380522
27381034
27382377
27385944
27390028
27411565
27431944
27445236
27449593
27452863
27454254
27482294
27483347
27484345
27499126
27501482
27509914
27517056
27518788
27521747
27539076
27542282
27543839
27548493
27554674
27558955
27575371
27580425
27583436
27589850
27590063
27592041
27594677
27597397
27603333
27606264
27638130
27644875
27646982
27647009
27651153
27663233
27676099
27680963
27682596
27690009
27693502
27696748
27696794
27699225
27703516
27707109
27709316
27709491
27726040
27726041
27729291
27734384
27737814
27737897
27747190
27748894
27752702
27752829
27756697
27779640
27797605
27821962
27825552
27829414
27832355
27832815
27836707
27851782
27851984
27853940
27856169
27860453
27879566
27882124
27882132
27904047
27904143
27904712
27916555
27922941
27937051
27941926
27942109
27955699
27965139
27980494
27982265
27986622
27989826
27992368
27993154
28005437
28011101
28026095
28035982
28036032
28042326
28049462
28059868
28063212
28066137
28091618
28097525
28101475
28111103
28112382
28114800
28122526
28129516
28131784
28137413
28137664
28139016
28145597
28147322
28167976
28193542
28214084
28223125
28225075
28225870
28230313
28242173
28242648
28243085
28251487
28259976
28265573
28280413
28282029
28284832
28284998
28287423
28320059
28320092
28320093
28326927
28326938
28338415
28343287
28347649
28351717
28355351
28355681
28358416
28362543
28367081
28370591
28374574
28391163
28396243
28397529
28407495
28410217
28413731
28418007
28419155
28426699
28430129
28442110
28450318
28456437
28457902
28463061
28474628
28476879
28480401
28487981
28492224
28496359
28504116
28506841
28507472
28513840
28521989
28529106
28533591
28533592
28535500
28545880
28548679
28565823
28565845
28579434
28582908
28583899
28584879
28585864
28587333
28588485
28594958
28606072
28609022
28613895
28616752
28616978
28627582
28627596
28633971
28638681
28640163
28647469
28647646
28647729
28649440
28663035
28675666
28677799
28690479
28691484
28700003
28724217
28725908
28743292
28744712
28752263
28757388
28758108
28759313
28765519
28765966
28768536
28785392
28785878
28793056
28798050
28804568
28806392
28808696
28810618
28817810
28823024
28823646
28840952
28849083
28849084
28849229
28852776
28858724
28859108
28859619
28860852
28865213
28878468
28885454
28888901
28888902
28898893
28904358
28904551
28905711
28910961
28912864
28915439
28915521
28915567
28917083
28921725
28926590
28939526
28943207
28945000
28949389
28957801
28957807
28960309
28960426
28968949
28971529
28974461
28980719
28987725
28988205
28994112
29017758
29022900
29030067
29031199
29035380
29039525
29042963
29053693
29061494
29067461
29067744
29069539
29072705
29075814
29091874
29092817
29095435
29096521
29100801
29101035
29101804
29101808
29104478
29107695
29110786
29111161
29134405
29136765
29138829
29142423
29143973
29149841
29154876
29156946
29157984
29164146
29166937
29174854
29195834
29196833
29207603
29208566
29210312
29214554
29224976
29228594
29233184
29243030
29250145
29251361
29251375
29255591
29257269
29258611
29259753
29270716
29285104
29286096
29286133
29298566
29299122
29300716
29311503
29315262
29315787
29317792
29317848
29318481
29319609
29327364
29331761
29332174
29343508
29346012
29348767
29357491
29364174
29366335
29376494
29380171
29393342
29393346
29393439
29407201
29408488
29415582
29430715
29434185
29434641
29434702
29435116
29436471
29438227
29438883
29440889
29450729
29460078
29463254
29478074
29484390
29485013
29485196
29485639
29488610
29489828
29510478
29513755
29514675
29520169
29520686
29528264
29530720
29532889
29534084
29539753
29540226
29543781
29548914
29554480
29554973
29557244
29564448
29572481
29575932
29576802
29599826
29601910
29603329
29610999
29617878
29621761
29636866
29641501
29650413
29653943
29656073
29656315
29667446
29667462
29670657
29673343
29684084
29687303
29687871
29698461
29708818
29709011
29712778
29717217
29722355
29723651
29740093
29748528
29752100
29761560
29766025
29768985
29770595
29782979
29785089
29789008
29794403
29797102
29803977
29806726
29808374
29842918
29843440
29843768
29857819
29864899
29864946
29867478
29869015
29878401
29883943
29885465
29888808
29890416
29890922
29891807
29892899
29896219
29905408
29913441
29917216
29922442
29922445
29923522
29926706
29928231
29938527
29944927
29948602
29949137
29950992
29953665
29956782
29961054
29966748
29976187
29978613
29983942
30003932
30015923
30023332
30031224
30031926
30033246
30035050
30035080
30035091
30035745
30048987
30050432
30060740
30067136
30071128
30071410
30074814
30075312
30076153
30076457
30082761
30087236
30090244
30092352
30099277
30101191
30103115
30105061
30106092
30106112
30106113
30110204
30110401
30115046
30115587
30116400
30117186
30119032
30121928
30122974
30135624
30140705
30146893
30160166
30174601
30179205
30193926
30196232
30206206
30208927
30210898
30218055
30234227
30237062
30243066
30259137
30262135
30264681
30272266
30272322
30273654
30276528
30283333
30283898
30287396
30287418
30292414
30304692
30311192
30315524
30315711
30321247
30322672
30326428
30327006
30335903
30338787
30341166
30342192
30365059
30365114
30372803
30375565
30387401
30412852
30412853
30414849
30415975
30419485
30425476
30430645
30443190
30448533
30456844
30461296
30461363
30468454
30474872
30483733
30484378
30486903
30487252
30496623
30510445
30521368
30524167
30525072
30526325
30529425
30534627
30534634
30537737
30538762
30542428
30542499
30543056
30544714
30551031
30551412
30551734
30557884
30562742
30564065
30568481
30581556
30584942
30585422
30585984
30600470
30600472
30611247
30611819
30611904
30615897
30617615
30618615
30618801
30619261
30621446
30623241
30623804
30629441
30644158
30648360
30651779
30655688
30662339
30662362
30662631
30663793
30664999
30665716
30666561
30691048
30691120
30693466
30698325
30703768
30706033
30707846
30729479
30732913
30734541
30755787
30759446
30761007
30767746
30770640
30771585
30776329
30776646
30779717
30784067
30784197
30797016
30808932
30811038
30815381
30816583
30820353
30826485
30826524
30843733
30846801
30854676
30858101
30858696
30861010
30863061
30864698
30867061
30868494
30872407
30881475
30886197
30887556
30890456
30894907
30895028
30895865
30899364
30903772
30906129
30909133
30915115
30915890
30922982
30927255
30927660
30930294
30937838
30938133
30945071
30957437
30965143
30965235
30978319
30979862
30981839
30982756
30986528
31002699
31007149
31015473
31019213
31020644
31026554
31026650
31031401
31032997
31033070
31034922
31037830
31046158
31046168
31046827
31046883
31052237
31054068
31055086
31055848
31061278
31063807
31065841
31089001
31089136
31092864
31097875
31103876
31104480
31105831
31108241
31110568
31111559
31115161
31115524
31117504
31121225
31124640
31132406
31134620
31137797
31142603
31155849
31158282
31162482
31173033
31176015
31177036
31177794
31177809
31177887
31182934
31198977
31205941
31209645
31210406
31211985
31212619
31217867
31223428
31228458
31228817
31231454
31238006
31239673
31249264
31251987
31255600
31256148
31258642
31262076
31265447
31269875
31272360
31273625
31291980
31297620
31298308
31298359
31298408
31299270
31302828
31306979
31310910
31311115
31313823
31323297
31324245
31325494
31326553
31326554
31327492
31342791
31345099
31353568
31354246
31357246
31362475
31378925
31381554
31394185
31396630
31401788
31402800
31404098
31412104
31412648
31430262
31430878
31431607
31432995
31435629
31435813
31437580
31438731
31438735
31451219
31452704
31454155
31454418
31468163
31472145
31479064
31481898
31484919
31486476
31495059
31502578
31505901
31511005
31512108
31520482
31535058
31536815
31538672
31539109
31545916
31547612
31549776
31549920
31550528
31554953
31557589
31557835
31560411
31564232
31565996
31568634
31568919
31569963
31569995
31575035
31582897
31586725
31587011
31590658
31601862
31606533
31608307
31620012
31625201
31629032
31631977
31632200
31633791
31635173
31638238
31638337
31639491
31640732
31642732
31652455
31653858
31659586
31659964
31666602
31678498
31679508
31684073
31684092
31690022
31696218
31701670
31711313
31742919
31746366
31749941
31752825
31760158
31760502
31765739
31770663
31771623
31778752
31779692
31780931
31783149
31784400
31789105
31790972
31804010
31814175
31814887
31822750
31823179
31827595
31827706
31827985
31828429
31836142
31837258
31837574
31841119
31841992
31842639
31853294
31860662
31868209
31870428
31874197
31876072
31888661
31903618
31903621
31907788
31916291
31918279
31926089
31926268
31927559
31937359
31940132
31945707
31949990
31950348
31956378
31958453
31962170
31964233
31971058
31976816
31977158
31978040
31978557
31983036
31992029
31992036
31992038
31992922
31998403
32000463
32003758
32004084
32004585
32006078
32016449
32020624
32020892
32037689
32038242
32047580
32054968
32057894
32059379
32062610
32064134
32064982
32069893
32083119
32085385
32089778
32092588
32099450
32099721
32103372
32104396
32112120
32113051
32117068
32124251
32124869
32124939
32134473
32141530
32146507
32147535
32147536
32159840
32163510
32164328
32165317
32167952
32171788
32173658
32182210
32192320
32192519
32199975
32201950
32210280
32210738
32211385
32214800
32214804
32217157
32233176
32235555
32235618
32242388
32247266
32248331
32249508
32249762
32256772
32258036
32263430
32265733
32271401
32271407
32276877
32278830
32279160
32284824
32287299
32290085
32295616
32298781
32306945
32308389
32313003
32313200
32315711
32315736
32319197
32319621
32321579
32323821
32324278
32332704
32336589
32339712
32341638
32341895
32359386
32360505
32373192
32375174
32377874
32381754
32388789
32392916
32394143
32395520
32396508
32398124
32404018
32416221
32416224
32420902
32432314
32433276
32435909
32438772
32439403
32440501
32441256
32442041
32445705
32455113
32466159
32470596
32470597
32474743
32474881
32476071
32478188
32486506
32486519
32488683
32490376
32492888
32495857
32497450
32510505
32515588
32519886
32521454
32532183
32534115
32542100
32546009
32548322
32556726
32558123
32560815
32565872
32566090
32570114
32576047
32582961
32592208
32602381
32603538
32605161
32606898
32608995
32611834
32614635
32619649
32620866
32622201
32622872
32626995
32627602
32628132
32634159
32634440
32635404
32637750
32640182
32641147
32647691
32650828
32654176
32665406
32693125
32695803
32696209
32697398
32702358
32703413
32705795
32706193
32713662
32714401
32716572
32724821
32728288
32732957
32737772
32738890
32745911
32747242
32747445
32750029
32759913
32761684
32762553
32764880
32765610
32765755
32768958
32776432
32778777
32790946
32794641
32795379
32801641
32812575
32814390
32832965
32839804
32840387
32848727
32855675
32855725
32856377
32858593
32859470
32860098
32866644
32870006
32871523
32877976
32878462
32878463
32884953
32888652
32901645
32912277
32914937
32917285
32925869
32931933
32934295
32940053
32940181
32949662
32950705
32952950
32963278
32964944
32981415
32985762
32991618
32993662
32997532
32997535
33026410
33028117
33031875
33036283
33039343
33042472
33043625
33049960
33050005
33053109
33054557
33057779
33060735
33062701
33066270
33080315
33093903
33099538
33103838
33111549
33112509
33127964
33137380
33140920
33144571
33144900
33146410
33149551
33161100
33183210
33185724
33187014
33190006
33192200
33197425
33203108
33203975
33224431
33227396
33228708
33233504
33233966
33238379
33239909
33241814
33242601
33243424
33247195
33247959
33259777
33274763
33289541
33289706
33291715
33291821
33295680
33297333
33300062
33310311
33311755
33312358
33313232
33313256
33316267
33321982
33326341
33326693
33327733
33338640
33345901
33347967
33350519
33350983
33356503
33359610
33361528
33364061
33371279
33372388
33374730
33375366
33377585
33382789
33383288
33387118
33388431
33399476
33399485
33400367
33401221
33404840
33407721
33412895
33413649
33416120
33417067
33417956
33421527
33421600
33422700
33423862
33424243
33433641
33434210
33434630
33435104
33437632
33441836
33446277
33448311
33450132
33455260
33456343
33459997
33461534
33468174
33469353
33477357
33479807
33482192
33482616
33485983
33490841
33491257
33497593
33498966
33511556
33527023
33531920
33532039
33537813
33539913
33553822
33553826
33556400
33563269
33567949
33570460
33573387
33574696
33576470
33577958
33580538
33584299
33586778
33588127
33588606
33603831
33627637
33634095
33636171
33646053
33650224
33651836
33652170
33657761
33658936
33663609
33672354
33673583
33683776
33684536
33691628
33704322
33708876
33719441
33725224
33726807
33727429
33727849
33737098
33738239
33739851
33744392
33748207
33750441
33750486
33752715
33757858
33759195
33766356
33769459
33772768
33774357
33775807
33776996
33780905
33786819
33793684
33799537
33799588
33806315
33808727
33814979
33817283
33821497
33829057
33830541
33833406
33833854
33835672
33841009
33841653
33846783
33850554
33850710
33850953
33853645
33859494
33860572
33869900
33872738
33881378
33881683
33892137
33893944
33910401
33912721
33913543
33915069
33915333
33916108
33927614
33927631
33935789
33937236
33937412
33939302
33939310
33942537
33945396
33946919
33953685
33957357
33958682
33977183
33989507
33995052
33995548
34002829
34006826
34015366
34015701
34016181
34017409
34020031
34023528
34031844
34032607
34037306
34040358
34050807
34052737
34055194
34063749
34071594
34074301
34090897
34094861
34102226
34102487
34103964
34108432
34116187
34117571
34122080
34126199
34134780
34136155
34139256
34147072
34149433
34152615
34158084
34159843
34162150
34165157
34167449
34167632
34171516
34185967
34191353
34195707
34199631
34209006
34213976
34214783
34217311
34221446
34222263
34222340
34224496
34237707
34242803
34245949
34248008
34250725
34254815
34266679
34270585
34275162
34279516
34282229
34285153
34290513
34295174
34298911
34315312
34321048
34322020
34327200
34336354
34341460
34354409
34362134
34371251
34385915
34387414
34392653
34396019
34409742
34413269
34417329
34417523
34426599
34438368
34446107
34448527
34450401
34452236
34454425
34455406
34457118
34466029
34466385
34466714
34466747
34468900
34474599
34486477
34488597
34490639
34491054
34494933
34500490
34511883
34512868
34515572
34521030
34522804
34528494
34529586
34535669
34536814
34539013
34539417
34539843
34542842
34544313
34546477
34548858
34549304
34551684
34552480
34553673
34554160
34554354
34567597
34572070
34572301
34575945
34578024
34581513
34603050
34603477
34605731
34607107
34608279
34612533
34626798
34626937
34628351
34629040
34638520
34645468
34646331
34656826
34665836
34671794
34673134
34680516
34681754
34684325
34685839
34687817
34697729
34702302
34704713
34715362
34716969
34717689
34719360
34721961
34736242
34738623
34739982
34759325
34760015
34764819
34765608
34772597
34774790
34775836
34777686
34779501
34783063
34783292
34787893
34791735
34795843
34795875
34798298
34803392
34813965
34822412
34826631
34834085
34845965
34847824
34847835
34848799
34853968
34855094
34855756
34856202
34858186
34859319
34859624
34867025
34869311
34876884
34885759
34886755
34891002
34893461
34893958
34894103
34901559
34916941
34920307
34925524
34926690
34930351
34931844
34939390
34941874
34942464
34948080
34953035
34954133
34956209
34956224
34958937
34963343
34964303
34970140
34976968
34980076
34981817
34986843
34994274
34994469
35001833
35002698
35003293
35003796
35003798
35007233
35008719
35017058
35018959
35026522
35030816
35031867
35032407
35035830
35043648
35046053
35046719
35047645
35048626
35053363
35056734
35057811
35070139
35075624
35086536
35088942
35092863
35093450
35094658
35101368
35114343
35115824
35118490
35118894
35120538
35126711
35128295
35129065
35129942
35139424
35147250
35148687
35151829
35155962
35164837
35165510
35165902
35172438
35175176
35175482
35177103
35179619
35179989
35180001
35181731
35182823
35183192
35184279
35185905
35186100
35188017
35188225
35191807
35191811
35202986
35207465
35209238
35213812
35218985
35223983
35226093
35227974
35235416
35235465
35240891
35242868
35246217
35253089
35255737
35256585
35256711
35259418
35281931
35284738
35285977
35289131
35297314
35300071
35305656
35306352
35309149
35311424
35312120
35318234
35318491
35320827
35322732
35326137
35330945
35337368
35348136
35353555
35354886
35356271
35362116
35363484
35365233
35378300
35378415
35382556
35385163
35387326
35390446
35400478
35404511
35405347
35405969
35406100
35409085
35410202
35420503
35421437
35433786
35436417
35438034
35447200
35457176
35461155
35466627
35466632
35472612
35473339
35488245
35488739
35496642
35509713
35512418
35513247
35517009
35526013
35549743
35550528
35573148
35573252
35576828
35580540
35581507
35585042
35585627
35586367
35588172
35588576
35588619
35600853
35614438
35615665
35618240
35640164
35643339
35657996
35660867
35662715
35668932
35685668
35687708
35697129
35710352
35720033
35722355
35725167
35725994
35726138
35726537
35726637
35730575
35731315
35732230
35734099
35740105
35747360
35749420
35757507
35764040
35765090
35768581
35775127
35779774
35784155
35787089
35797941
35801691
35802196
35806272
35807786
35815270
35815581
35818191
35818257
35818290
35834942
35836795
35837029
35837034
35837136
35842709
35842727
35843479
35843877
35847580
35848848
35863592
35865531
35866033
35866183
35866931
35868770
35873632
35876037
35878435
35883610
35887046
35894841
35900969
35902802
35903181
35910349
35910845
35917632
35923173
35932105
35933783
35935815
35937624
35943688
35953031
35956346
35958905
35961266
35962465
35962723
35964457
35965964
35966099
35966730
35968240
35978504
35992559
35994920
36000146
36001206
36012474
36017131
36030058
36034791
36041665
36046946
36052873
36056701
36056857
36058911
36059019
36064070
36064420
36065971
36066338
36077161
36078172
36081528
36084724
36093744
36097281
36102306
36105068
36114576
36117499
36120586
36127685
36133743
36138477
36145533
36145560
36158318
36167718
36173680
36178080
36187764
36196448
36201235
36202189
36203618
36206595
36212013
36224488
36224572
36229661
36231135
36235621
36238561
36241136
36241137
36252481
36262297
36267713
36270478
36271317
36272490
36274486
36276424
36277163
36282841
36306560
36310024
36310623
36311191
36312551
36318110
36318796
36321414
36331571
36334016
36342311
36344944
36345305
36346829
36348189
36354073
36355304
36357568
36357655
36358921
36359341
36364138
36367487
36369759
36370754
36377077
36378992
36384557
36386227
36386489
36387933
36396777
36400827
36401840
36403512
36409758
36413378
36414226
36414669
36424837
36427113
36428240
36435414
36437587
36439631
36439689
36439850
36440749
36451121
36458900
36459007
36461366
36466156
36473007
36473675
36474679
36474684
36474887
36480128
36500713
36506533
36508695
36508923
36510338
36512848
36514784
36515017
36516695
36523183
36523496
36527845
36527878
36536500
36538851
36545287
36552524
36552791
36552848
36561044
36561496
36562983
36565467
36578323
36582221
36584762
36584922
36589821
36592973
36596433
36603515
36628407
36630614
36634591
36635774
36645043
36650622
36657317
36681186
36685080
36693558
36694467
36700279
36701776
36719872
36721094
36722313
36731815
36737044
36738173
36748885
36752698
36757520
36760992
36769097
36788469
36793188
36794279
36803799
36804438
36804901
36806301
36809635
36809823
36815042
36828166
36828196
36834951
36835852
36839155
36845968
36862227
36864518
36871986
36875052
36880168
36881321
36893673
36895628
36902256
36921676
36924682
36925039
36925544
36931029
36931471
36933487
36933489
36935520
36941805
36942811
36947594
36948080
36959556
36959767
36959872
36984837
36986147
36986590
36989423
37019002
37020714
37021049
37021209
37021698
37024468
37030192
37031825
37035017
37036864
37044038
37044295
37050907
37055831
37058811
37062041
37066028
37069673
37072059
37079558
37079955
37081089
37086007
37087677
37087680
37087870
37091797
37104199
37108239
37111757
37118669
37121542
37123896
37128287
37131836
37132309
37132371
37149084
37149963
37150265
37151687
37153081
37156309
37156857
37168259
37169474
37169906
37172359
37182095
37182456
37184045
37195554
37209629
37220632
37224433
37226203
37237380
37240401
37242647
37245297
37249294
37249374
37249758
37257556
37257711
37259405
37262955
37272023
37293378
37293534
37295026
37295627
37295640
37308383
37310645
37311826
37318254
37319312
37321426
37337188
37345716
37348266
37351173
37352198
37353141
37354697
37361231
37380363
37386638
37390363
37399606
37400744
37400752
37403239
37414224
37418791
37422468
37423522
37439514
37445948
37450265
37454204
37457883
37458470
37476067
37485568
37491820
37492542
37501011
37508874
37511425
37516370
37517294
37520829
37524209
37526734
37527970
37534667
37544583
37545537
37553918
37560208
37560235
37560389
37560412
37561757
37562758
37566306
37573656
37579836
37585914
37620972
37627540
37630779
37631386
37632225
37634474
37635149
37635810
37647773
37655800
37657261
37659033
37662752
37663478
37664703
37674829
37679780
37679986
37683603
37686220
37686412
37686806
37688977
37690040
37691099
37691117
37691947
37697034
37718444
37723593
37725260
37727896
37729727
37731080
37731960
37735385
37736726
37741491
37741535
37744252
37748407
37749650
37749722
37750171
37750185
37751010
37752608
37762574
37769389
37770671
37782061
37782985
37788390
37795890
37799879
37803031
37814350
37820423
37831115
37832237
37836657
37837194
37839112
37842260
37847690
37855351
37856220
37867024
37867223
37872706
37873552
37878123
37879949
37881649
37888448
37892013
37907921
37915330
37919852
37921641
37932746
37935794
37941009
37943572
37951197
37952573
37958526
37958960
37959383
37962287
37971469
37975685
37977262
37978830
37983852
37988908
37992540
37993861
37994991
38001135
38002386
38002439
38003530
38004429
38007064
38012335
38015926
38017556
38021454
38024839
38032278
38035977
38037367
38046403
38046818
38047481
38053342
38055770
38059300
38060174
38063098
38064612
38070024
38070246
38070625
38070808
38071492
38072028
38091638
38095638
38100656
38102700
38105181
38105759
38106771
38129488
38132929
38137944
38142643
38146807
38153253
38153629
38158473
38159166
38161708
38164685
38165554
38166086
38171734
38173197
38173866
38174366
38180634
38183909
38185787
38187306
38190096
38194722
38195597
38200400
38203768
38206579
38211480
38213081
38217024
38218010
38218854
38226224
38235309
38245251
38251222
38260097
38261743
38262147
38262159
38266311
38266947
38269355
38273750
38274127
38278314
38284553
38284729
38291253
38298665
38305028
38308345
38309391
38309612
38315262
38316633
38317317
38324802
38328576
38331303
38338992
38339087
38346377
38346525
38347683
38348943
38353544
38363424
38368533
38371277
38371711
38372204
38375280
38378085
38381849
38384986
38387697
38394066
38397516
38402426
38403153
38408417
38410126
38410163
38412715
38414449
38415250
38421984
38429394
38429848
38430015
38434027
38440110
38447334
38455098
38457498
38468339
38472616
38473759
38476622
38479156
38490726
38492655
38493143
38500321
38501739
38505310
38509602
38513723
38520084
38520211
38525128
38528611
38530304
38542132
38542192
38545904
38555936
38556837
38565085
38570055
38570439
38571919
38573451
38576477
38581801
38582335
38582868
38586591
38589505
38593124
38593402
38601200
38604407
38606875
38607209
38608288
38608474
38612839
38613068
38621329
38636375
38639180
38641989
38642183
38642879
38649157
38655014
38661437
38669084
38677194
38686488
38690715
38694911
38695125
38696450
38697463
38699012
38704731
38714267
38718039
38718891
38719877
38720613
38723559
38724958
38725009
38727800
38733647
38734758
38746339
38749179
38749277
38754271
38759289
38759937
38765877
38766865
38770333
38774694
38775854
38779982
38781739
38783531
38785157
38785813
38786602
38787325
38790015
38794200
38803575
38808885
38813293
38815684
38817242
38818117
38820587
38828010
38828289
38831839
38832987
38846937
38850105
38851098
38855061
38856914
38857679
38858695
38859891
38860757
38863821
38873703
38875997
38877424
38879481
38880910
38892229
38904008
38904872
38908089
38908346
38913985
38923690
38928434
38931240
38935462
38943867
38945463
38946809
38950695
38952995
38953843
38953964
38955308
38964626
38965674
38971106
38971448
38973989
38974667
38979128
38981403
38982914
38990042
38992995
38996984
38997070
38997785
38999769
39000568
39010104
39013222
39029227
39037353
39037882
39038323
39040490
39041921
39050151
39054713
39057748
39059718
39059951
39063107
39063583
39064807
39070125
39073018
39074044
39080620
39081871
39085510
39086559
39091625
39092772
39096531
39098466
39098741
39100139
39100446
39101668
39101942
39106443
39107784
39110784
39111145
39114694
39116493
39123292
39125316
39126207
39126832
39129231
39135391
39141224
39143938
39148121
39150826
39153568
39154821
39155588
39155743
39156795
39157315
39157588
39159149
39159625
39160590
39161657
39170379
39170555
39173791
39175086
39175261
39175874
39179013
39180420
39182267
39182667
39188645
39191028
39193636
39193778
39194747
39202725
39210303
39220883
39229534
39233208
39234669
39236462
39237298
39246659
39257895
39259800
39260675
39264083
39273553
39288548
39288622
39289387
39293567
39299629
39299793
39307511
39309636
39311500
39314229
39318308
39319855
39321429
39324962
39326812
39328516
39330495
39334434
39335519
39335538
39341323
39346617
39346968
39347017
39349832
39357597
39360651
39360672
39362426
39362609
39363784
39373905
39378655
39385586
39388709
39393561
39399379
39404298
39405610
39408977
39416266
39416781
39419101
39420681
39423944
39427239
39427700
39427765
39428562
39430457
39433265
39434162
39434351
39434543
39456041
39458910
39461237
39465252
39466034
39468197
39469810
39479600
39480787
39484792
39486930
39487527
39489354
39491137
39498503
39503537
39509948
39519121
39528346
39530062
39531197
39532163
39536539
39547017
39553645
39556329
39557105
39567862
39572483
39576936
39582925
39590787
39593826
39596549
39599668
39600854
39605645
39608176
39608270
39609755
39611391
39615867
39616510
39617089
39617701
39622788
39633532
39634288
39640869
39648484
39649418
39656450
39659121
39660528
39662502
39662515
39664129
39665739
39674232
39675196
39677117
39679472
39694359
39696562
39700642
39701217
39701459
39703816
39704001
39704612
39710977
39713912
39717525
39719453
39730095
39733138
39736635
39738316
39742533
39744759
39745919
39746407
39746902
39747466
39747501
39748384
39753295
39754163
39756162
39756165
39756167
39764995
39769155
39771038
39771498
39775461
39776127
39778769
39779817
39779910
39786670
39792653
39794380
39800942
39816851
39817152
39818713
39832630
39833570
39835491
39845144
39848926
39851120
39855042
39856265
39859238
39861479
39862703
39874109
39875323
39895981
39898539
39898820
39902346
39903897
39904054
39906135
39908269
39910414
39910626
39920811
39922237
39933417
39934774
39935926
39938633
39940649
39960544
39964671
39964979
39967931
39969745
39978572
39978671
39979891
39979971
39987077
39988892
39994161
40004191
40016746
40016915
40028904
40032006
40033885
40045149
40045368
40050536
40051125
40057017
40060537
40073326
40081740
40084685
40085067
40086109
40088137
40089639
40090181
40090449
40093317
40101879
40102965
40103454
40110405
40113833
40114320
40119526
40125663
40129684
40132714
40139644
40143111
40159624
40161479
40168275
40179650
40184436
40184476
40192172
40195704
40197110
40197728
40204040
40209497
40221068
40224650
40226396
40226424
40229323
40232653
40235431
40243277
40247403
40247654
40252578
40252739
40258527
40259333
40264489
40264984
40278049
40289171
40296351
40306447
40307686
40308761
40308884
40313864
40318827
40319222
40319261
40322041
40323359
40327988
40329628
40331087
40336188
40337549
40337969
40343288
40345271
40345599
40346121
40346614
40347883
40349899
40352296
40354857
40357339
40358029
40358119
40358971
40360133
40375324
40378435
40381663
40386186
40390302
40391077
40391633
40393100
40394792
40396977
40397274
40398309
40401730
40403938
40409109
40409582
40412692
40417960
40421263
40422917
40426246
40432289
40433805
40435578
40439737
40444021
40445329
40446518
40449082
40450237
40450276
40453922
40459518
40468162
40473927
40481727
40483498
40487804
40490830
40495490
40500381
40501372
40509144
40517554
40517919
40518852
40519654
40522441
40527036
40528928
40538164
40538640
40542398
40546656
40559431
40560785
40561002
40570942
40571028
40583170
40591838
40595272
40599407
40607117
40609733
40613647
40616212
40616299
40620422
40623609
40629418
40629453
40633208
40640893
40641285
40645096
40645615
40646726
40647239
40651728
40653275
40657039
40665304
40666263
40669206
40671422
40673558
40682253
40683210
40683544
40683652
40689378
40693494
40695377
40702216
40703353
40703976
40722616
40722985
40727099
40731199
40733772
40735537
40745673
40765307
40771897
40778537
40786277
40797087
40798917
40799005
40799253
40799989
40800728
40801640
40801965
40803200
40809545
40809890
40812218
40817461
40817785
40819752
40824374
40825027
40838484
40848982
40852312
40857963
40860425
40860881
40860947
40861871
40862061
40866649
40869019
40870506
40875131
40878889
40879923
40880649
40882551
40885358
40896957
40898269
40899317
40903824
40904253
40905655
40907875
40914424
40916734
40918953
40919498
40919662
40951466
40952961
40958892
40960306
40963906
40965462
40966781
40969950
40970092
40970337
40979831
40980538
40981707
40982419
40997647
41004953
41005058
41009383
41017094
41017373
41022236
41023508
41027248
41033242
41038144
41042750
41043411
41045618
41052691
41053923
41075743
41080152
41080725
41090182
41090796
41098406
41099471
41103437
41105472
41106457
41110175
41110823
41111150
41113215
41114383
41122625
41123079
41123278
41123324
41127857
41131951
41146650
41154575
41155891
41159712
41159934
41160975
41163114
41166906
41170378
41173085
41175920
41180217
41183591
41184228
41190713
41192306
41194174
41194652
41200378
